30 8 30 8 30 8 30 8 30 8 30 8 30 8 30 8 30 8 30 8 30 8 30 8 30 8 30 8 32 9 32 9 32 9 32 9 32 9 32 9 32 9 32 9 32 9 32 9 32 9 32 9 32 9 32 9 32 9 32 9 32 9 32 9 32 20 32 20 32 20 32 20 32 20 32 20 32 20 32 20 
30 8 30 8 30 8 30 8 30 8 30 8 30 8 30 8 30 8 30 8 30 8 30 8 30 8 30 8 30 8 30 8 32 9 32 9 32 9 32 9 32 9 32 9 32 9 32 9 32 9 32 9 32 9 32 9 32 9 32 9 32 9 32 9 32 20 32 20 32 20 32 20 32 20 32 20 32 20 32 20 
30 8 30 8 30 8 30 8 30 8 30 8 30 8 30 8 30 8 30 8 30 8 30 8 30 8 30 8 30 8 30 8 30 8 30 8 32 9 32 9 32 9 32 9 32 9 32 9 32 9 32 9 32 9 32 9 32 9 32 9 32 9 32 9 32 20 32 20 32 20 32 20 32 20 32 20 32 20 32 20 
30 8 30 8 30 8 30 8 30 8 30 8 30 8 30 8 30 8 30 8 30 8 30 8 30 8 30 8 30 8 30 8 30 8 30 8 30 8 30 8 32 9 32 9 32 9 32 9 32 9 32 9 32 9 32 9 32 9 32 9 32 9 32 9 32 20 32 20 32 20 32 20 32 20 32 20 32 20 32 20 
30 8 30 8 30 8 30 8 30 8 30 8 30 8 30 8 30 8 30 8 30 8 30 8 30 8 30 8 30 8 30 8 30 8 30 8 30 8 30 8 30 8 30 8 32 9 32 9 32 9 32 9 32 9 32 9 32 9 32 9 32 9 32 9 32 20 32 20 32 20 32 20 32 20 32 20 32 20 32 20 
30 8 30 8 30 8 30 8 30 8 30 8 30 8 30 8 30 8 30 8 30 8 30 8 30 8 30 8 30 8 30 8 30 8 30 8 30 8 30 8 30 8 30 8 30 8 30 8 32 9 32 9 32 9 32 9 32 9 32 9 32 9 32 9 32 20 32 20 32 20 32 20 32 20 32 20 32 20 32 20 
30 8 30 8 30 8 30 8 30 8 30 8 30 8 30 8 30 8 30 8 30 8 30 8 30 8 30 8 30 8 30 8 30 8 30 8 30 8 30 8 30 8 30 8 30 8 30 8 30 8 30 8 32 9 32 9 32 9 32 9 32 9 32 9 32 20 32 20 32 20 32 20 32 20 32 20 32 20 32 20 
30 8 30 8 30 8 30 8 30 8 30 8 30 8 30 8 30 8 30 8 30 8 30 8 30 8 30 8 30 8 30 8 30 8 30 8 30 8 30 8 30 8 30 8 30 8 30 8 30 8 30 8 30 8 30 8 32 9 32 9 32 9 32 9 32 20 32 20 32 20 32 20 32 20 32 20 32 20 32 20 
30 8 30 8 30 8 30 8 30 8 30 8 30 8 30 8 30 8 30 8 30 8 30 8 30 8 30 8 30 8 30 8 30 8 30 8 30 8 30 8 30 8 30 8 30 8 30 8 30 8 30 8 30 8 30 8 30 8 30 8 32 9 32 9 32 20 32 20 32 20 32 20 32 20 32 20 32 20 32 20 
9 8 9 8 9 8 9 8 9 8 9 8 9 8 9 8 9 8 30 8 30 8 30 8 30 8 30 8 30 8 30 8 30 8 30 8 30 8 30 8 30 8 30 8 30 8 30 8 30 8 30 8 30 8 30 8 30 8 32 9 32 9 32 20 32 20 32 20 32 20 32 20 32 20 32 20 32 20 32 20 
9 8 9 8 9 8 9 8 9 8 9 8 9 8 9 8 9 8 9 8 21 14 21 14 21 14 21 14 21 14 30 20 30 20 30 20 30 20 30 20 30 20 30 20 30 20 30 20 30 20 29 18 29 18 29 18 29 18 29 18 29 18 32 20 32 20 32 20 32 20 32 20 32 20 32 20 32 20 32 20 
9 8 9 8 9 8 9 8 9 8 9 8 9 8 9 8 8 10 9 8 21 14 21 14 21 14 21 14 21 14 21 14 30 20 30 20 30 20 30 20 30 20 30 20 30 20 30 20 30 20 30 20 29 18 29 18 29 18 29 18 29 18 32 20 32 20 32 20 32 20 32 20 32 20 32 20 32 20 32 20 
9 8 9 8 9 8 9 8 9 8 9 8 9 8 8 10 8 10 8 10 21 14 21 14 21 14 21 14 21 14 21 14 21 14 30 20 30 20 30 20 30 20 30 20 30 20 30 20 30 20 30 20 29 18 29 18 29 18 29 18 29 18 32 20 32 20 32 20 32 20 32 20 32 20 32 20 32 20 32 20 
9 8 9 8 9 8 9 8 9 8 9 8 9 8 8 10 8 10 8 10 21 14 21 14 21 14 21 14 21 14 21 14 21 14 21 14 21 14 30 20 30 20 30 20 30 20 30 20 30 20 30 20 30 20 29 18 29 18 29 18 29 18 32 20 32 20 32 20 32 20 32 20 32 20 32 20 32 20 32 20 
9 8 9 8 9 8 9 8 9 8 9 8 8 10 8 10 8 10 8 10 21 14 21 14 21 14 21 14 21 14 21 14 21 14 21 14 21 14 21 14 21 14 30 20 30 20 30 20 30 20 30 20 30 20 29 18 29 18 29 18 29 18 32 20 32 20 32 20 32 20 32 20 32 20 32 20 32 20 32 20 
9 8 9 8 9 8 9 8 9 8 9 8 8 10 8 10 8 10 8 10 21 14 21 14 21 14 21 14 21 14 21 14 21 14 21 14 19 14 21 14 30 20 30 20 30 20 30 20 30 20 30 20 30 20 30 20 29 18 29 18 29 18 32 20 32 20 32 20 32 20 32 20 32 20 32 20 32 20 32 20 
9 8 9 8 9 8 9 8 9 8 8 10 8 10 8 10 8 10 8 10 21 14 21 14 21 14 21 14 19 14 19 14 19 14 19 14 19 14 19 14 32 20 30 20 30 20 30 20 30 20 30 20 30 20 30 20 29 18 29 18 29 18 32 20 32 20 32 20 32 20 32 20 32 20 32 20 32 20 32 20 
9 8 9 8 9 8 9 8 9 8 8 10 8 10 8 10 8 10 8 10 21 14 19 14 19 14 19 14 19 14 19 14 19 14 19 14 18 16 19 14 32 20 32 20 30 20 30 20 30 20 30 20 30 20 30 20 30 20 29 18 30 20 32 20 32 20 32 20 32 20 32 20 32 20 32 20 32 20 32 20 
9 8 9 8 9 8 9 8 8 10 8 10 8 10 8 10 8 10 8 10 19 14 19 14 19 14 19 14 19 14 19 14 19 14 18 16 18 16 18 16 32 20 32 20 32 20 32 20 32 20 30 20 30 20 30 20 30 20 30 20 30 20 32 20 32 20 32 20 32 20 32 20 32 20 32 20 32 20 32 20 
9 8 9 8 9 8 9 8 8 10 8 10 8 10 8 10 8 10 8 10 19 14 19 14 19 14 19 14 19 14 19 14 19 14 18 16 18 16 18 16 32 20 32 20 32 20 32 20 32 20 32 20 32 20 32 20 32 20 30 20 32 20 32 20 32 20 32 20 32 20 32 20 32 20 32 20 32 20 32 20 
9 8 9 8 9 8 8 10 8 10 8 10 8 10 8 10 8 10 8 10 19 14 19 14 19 14 19 14 19 14 19 14 18 16 18 16 18 16 18 24 32 20 32 20 32 20 32 20 32 20 32 20 32 20 32 20 32 20 32 20 32 20 32 20 32 20 32 20 32 20 32 20 32 20 32 20 32 20 32 20 
9 32 9 32 9 32 9 32 8 30 8 30 8 30 8 30 8 30 8 30 19 26 19 26 19 26 19 26 19 26 19 26 19 26 18 24 18 24 18 24 32 20 32 20 32 20 32 20 32 20 32 20 32 20 32 20 32 20 30 20 32 20 32 20 32 20 32 20 32 20 32 20 32 20 32 20 32 20 32 20 
9 32 9 32 9 32 9 32 8 30 8 30 8 30 8 30 8 30 8 30 19 26 19 26 19 26 19 26 19 26 19 26 19 26 18 24 18 24 18 24 32 20 32 20 32 20 32 20 32 20 30 20 30 20 30 20 30 20 30 20 30 20 32 20 32 20 32 20 32 20 32 20 32 20 32 20 32 20 32 20 
9 32 9 32 9 32 9 32 9 32 8 30 8 30 8 30 8 30 8 30 21 26 19 26 19 26 19 26 19 26 19 26 19 26 19 26 18 24 19 26 32 20 32 20 30 20 30 20 30 20 30 20 30 20 30 20 30 20 29 22 30 20 32 20 32 20 32 20 32 20 32 20 32 20 32 20 32 20 32 20 
9 32 9 32 9 32 9 32 9 32 8 30 8 30 8 30 8 30 8 30 21 26 21 26 21 26 21 26 19 26 19 26 19 26 19 26 19 26 19 26 32 20 30 20 30 20 30 20 30 20 30 20 30 20 30 20 29 22 29 22 29 22 32 20 32 20 32 20 32 20 32 20 32 20 32 20 32 20 32 20 
9 32 9 32 9 32 9 32 9 32 9 32 8 30 8 30 8 30 8 30 21 26 21 26 21 26 21 26 21 26 21 26 21 26 21 26 19 26 21 26 30 20 30 20 30 20 30 20 30 20 30 20 30 20 30 20 29 22 29 22 29 22 32 20 32 20 32 20 32 20 32 20 32 20 32 20 32 20 32 20 
9 32 9 32 9 32 9 32 9 32 9 32 8 30 8 30 8 30 8 30 21 26 21 26 21 26 21 26 21 26 21 26 21 26 21 26 21 26 21 26 21 26 30 20 30 20 30 20 30 20 30 20 30 20 29 22 29 22 29 22 29 22 32 20 32 20 32 20 32 20 32 20 32 20 32 20 32 20 32 20 
9 32 9 32 9 32 9 32 9 32 9 32 9 32 8 30 8 30 8 30 21 26 21 26 21 26 21 26 21 26 21 26 21 26 21 26 21 26 30 20 30 20 30 20 30 20 30 20 30 20 30 20 30 20 29 22 29 22 29 22 29 22 32 20 32 20 32 20 32 20 32 20 32 20 32 20 32 20 32 20 
9 32 9 32 9 32 9 32 9 32 9 32 9 32 8 30 8 30 8 30 21 26 21 26 21 26 21 26 21 26 21 26 21 26 30 20 30 20 30 20 30 20 30 20 30 20 30 20 30 20 30 20 29 22 29 22 29 22 29 22 29 22 32 20 32 20 32 20 32 20 32 20 32 20 32 20 32 20 32 20 
9 32 9 32 9 32 9 32 9 32 9 32 9 32 9 32 8 30 9 32 21 26 21 26 21 26 21 26 21 26 21 26 30 20 30 20 30 20 30 20 30 20 30 20 30 20 30 20 30 20 30 20 29 22 29 22 29 22 29 22 29 22 32 20 32 20 32 20 32 20 32 20 32 20 32 20 32 20 32 20 
9 32 9 32 9 32 9 32 9 32 9 32 9 32 9 32 9 32 9 32 21 26 21 26 21 26 21 26 21 26 30 20 30 20 30 20 30 20 30 20 30 20 30 20 30 20 30 20 30 20 29 22 29 22 29 22 29 22 29 22 29 22 32 20 32 20 32 20 32 20 32 20 32 20 32 20 32 20 32 20 
9 32 9 32 9 32 9 32 9 32 9 32 9 32 9 32 9 32 30 32 30 32 30 32 30 32 30 32 30 32 30 32 30 32 30 32 30 32 30 32 30 32 30 32 30 32 30 32 30 32 30 32 30 32 30 32 30 32 32 31 32 31 32 20 32 20 32 20 32 20 32 20 32 20 32 20 32 20 32 20 
30 32 30 32 30 32 30 32 30 32 30 32 30 32 30 32 30 32 30 32 30 32 30 32 30 32 30 32 30 32 30 32 30 32 30 32 30 32 30 32 30 32 30 32 30 32 30 32 30 32 30 32 30 32 30 32 30 32 30 32 32 31 32 31 32 20 32 20 32 20 32 20 32 20 32 20 32 20 32 20 
30 32 30 32 30 32 30 32 30 32 30 32 30 32 30 32 30 32 30 32 30 32 30 32 30 32 30 32 30 32 30 32 30 32 30 32 30 32 30 32 30 32 30 32 30 32 30 32 30 32 30 32 30 32 30 32 32 31 32 31 32 31 32 31 32 20 32 20 32 20 32 20 32 20 32 20 32 20 32 20 
30 32 30 32 30 32 30 32 30 32 30 32 30 32 30 32 30 32 30 32 30 32 30 32 30 32 30 32 30 32 30 32 30 32 30 32 30 32 30 32 30 32 30 32 30 32 30 32 30 32 30 32 32 31 32 31 32 31 32 31 32 31 32 31 32 20 32 20 32 20 32 20 32 20 32 20 32 20 32 20 
30 32 30 32 30 32 30 32 30 32 30 32 30 32 30 32 30 32 30 32 30 32 30 32 30 32 30 32 30 32 30 32 30 32 30 32 30 32 30 32 30 32 30 32 30 32 30 32 32 31 32 31 32 31 32 31 32 31 32 31 32 31 32 31 32 20 32 20 32 20 32 20 32 20 32 20 32 20 32 20 
30 32 30 32 30 32 30 32 30 32 30 32 30 32 30 32 30 32 30 32 30 32 30 32 30 32 30 32 30 32 30 32 30 32 30 32 30 32 30 32 30 32 30 32 32 31 32 31 32 31 32 31 32 31 32 31 32 31 32 31 32 31 32 31 32 20 32 20 32 20 32 20 32 20 32 20 32 20 32 20 
30 32 30 32 30 32 30 32 30 32 30 32 30 32 30 32 30 32 30 32 30 32 30 32 30 32 30 32 30 32 30 32 30 32 30 32 30 32 30 32 32 31 32 31 32 31 32 31 32 31 32 31 32 31 32 31 32 31 32 31 32 31 32 31 32 20 32 20 32 20 32 20 32 20 32 20 32 20 32 20 
30 32 30 32 30 32 30 32 30 32 30 32 30 32 30 32 30 32 30 32 30 32 30 32 30 32 30 32 30 32 30 32 30 32 30 32 32 31 32 31 32 31 32 31 32 31 32 31 32 31 32 31 32 31 32 31 32 31 32 31 32 31 32 31 32 20 32 20 32 20 32 20 32 20 32 20 32 20 32 20 
30 32 30 32 30 32 30 32 30 32 30 32 30 32 30 32 30 32 30 32 30 32 30 32 30 32 30 32 30 32 30 32 32 31 32 31 32 31 32 31 32 31 32 31 32 31 32 31 32 31 32 31 32 31 32 31 32 31 32 31 32 31 32 31 32 20 32 20 32 20 32 20 32 20 32 20 32 20 32 20 
