10 10 10 10 10 10 10 10 10 10 10 10 10 10 5 5 5 5 5 5 5 5 5 5 5 5 5 5 5 5 5 5 0 0 0 0 0 0 0 0 
10 10 10 10 10 10 10 10 10 10 10 10 10 10 10 10 5 5 5 5 5 5 5 5 5 5 5 5 5 5 5 5 0 0 0 0 0 0 0 0 
10 10 10 10 10 10 10 10 10 10 10 10 10 10 10 10 10 10 5 5 5 5 5 5 5 5 5 5 5 5 5 5 0 0 0 0 0 0 0 0 
10 10 10 10 10 10 10 10 10 10 10 10 10 10 10 10 10 10 10 10 5 5 5 5 5 5 5 5 5 5 5 5 0 0 0 0 0 0 0 0 
10 10 10 10 10 10 10 10 10 10 10 10 10 10 10 10 10 10 10 10 10 10 5 5 5 5 5 5 5 5 5 5 0 0 0 0 0 0 0 0 
10 10 10 10 10 10 10 10 10 10 10 10 10 10 10 10 10 10 10 10 10 10 10 10 5 5 5 5 5 5 5 5 0 0 0 0 0 0 0 0 
10 10 10 10 10 10 10 10 10 10 10 10 10 10 10 10 10 10 10 10 10 10 10 10 10 10 5 5 5 5 5 5 0 0 0 0 0 0 0 0 
10 10 10 10 10 10 10 10 10 10 10 10 10 10 10 10 10 10 10 10 10 10 10 10 10 10 10 10 5 5 5 5 0 0 0 0 0 0 0 0 
10 10 10 10 10 10 10 10 10 10 10 10 10 10 10 10 10 10 10 10 10 10 10 10 10 10 10 10 10 10 5 5 0 0 0 0 0 0 0 0 
16 16 16 16 16 16 16 16 16 10 10 10 10 10 10 10 10 10 10 10 10 10 10 10 10 10 10 10 10 5 5 0 0 0 0 0 0 0 0 0 
16 16 16 16 16 16 16 16 16 16 7 7 7 7 7 1 1 1 1 1 1 1 1 1 1 3 3 3 3 3 3 0 0 0 0 0 0 0 0 0 
16 16 16 16 16 16 16 16 18 16 7 7 7 7 7 7 1 1 1 1 1 1 1 1 1 1 3 3 3 3 3 0 0 0 0 0 0 0 0 0 
16 16 16 16 16 16 16 18 18 18 7 7 7 7 7 7 7 1 1 1 1 1 1 1 1 1 3 3 3 3 3 0 0 0 0 0 0 0 0 0 
16 16 16 16 16 16 16 18 18 18 7 7 7 7 7 7 7 7 7 1 1 1 1 1 1 1 1 3 3 3 3 0 0 0 0 0 0 0 0 0 
16 16 16 16 16 16 18 18 18 18 7 7 7 7 7 7 7 7 7 7 7 1 1 1 1 1 1 3 3 3 3 0 0 0 0 0 0 0 0 0 
16 16 16 16 16 16 18 18 18 18 7 7 7 7 7 7 7 7 11 7 1 1 1 1 1 1 1 1 3 3 3 0 0 0 0 0 0 0 0 0 
16 16 16 16 16 18 18 18 18 18 7 7 7 7 11 11 11 11 11 11 0 1 1 1 1 1 1 1 3 3 3 0 0 0 0 0 0 0 0 0 
16 16 16 16 16 18 18 18 18 18 7 11 11 11 11 11 11 11 14 11 0 0 1 1 1 1 1 1 1 3 1 0 0 0 0 0 0 0 0 0 
16 16 16 16 18 18 18 18 18 18 11 11 11 11 11 11 11 14 14 14 0 0 0 0 0 1 1 1 1 1 1 0 0 0 0 0 0 0 0 0 
16 16 16 16 18 18 18 18 18 18 11 11 11 11 11 11 11 14 14 14 0 0 0 0 0 0 0 0 0 1 0 0 0 0 0 0 0 0 0 0 
16 16 16 18 18 18 18 18 18 18 11 11 11 11 11 11 14 14 14 13 0 0 0 0 0 0 0 0 0 0 0 0 0 0 0 0 0 0 0 0 
15 15 15 15 17 17 17 17 17 17 12 12 12 12 12 12 12 13 13 13 0 0 0 0 0 0 0 0 0 2 0 0 0 0 0 0 0 0 0 0 
15 15 15 15 17 17 17 17 17 17 12 12 12 12 12 12 12 13 13 13 0 0 0 0 0 2 2 2 2 2 2 0 0 0 0 0 0 0 0 0 
15 15 15 15 15 17 17 17 17 17 8 12 12 12 12 12 12 12 13 12 0 0 2 2 2 2 2 2 2 4 2 0 0 0 0 0 0 0 0 0 
15 15 15 15 15 17 17 17 17 17 8 8 8 8 12 12 12 12 12 12 0 2 2 2 2 2 2 2 4 4 4 0 0 0 0 0 0 0 0 0 
15 15 15 15 15 15 17 17 17 17 8 8 8 8 8 8 8 8 12 8 2 2 2 2 2 2 2 2 4 4 4 0 0 0 0 0 0 0 0 0 
15 15 15 15 15 15 17 17 17 17 8 8 8 8 8 8 8 8 8 8 8 2 2 2 2 2 2 4 4 4 4 0 0 0 0 0 0 0 0 0 
15 15 15 15 15 15 15 17 17 17 8 8 8 8 8 8 8 8 8 2 2 2 2 2 2 2 2 4 4 4 4 0 0 0 0 0 0 0 0 0 
15 15 15 15 15 15 15 17 17 17 8 8 8 8 8 8 8 2 2 2 2 2 2 2 2 2 4 4 4 4 4 0 0 0 0 0 0 0 0 0 
15 15 15 15 15 15 15 15 17 15 8 8 8 8 8 8 2 2 2 2 2 2 2 2 2 2 4 4 4 4 4 0 0 0 0 0 0 0 0 0 
15 15 15 15 15 15 15 15 15 15 8 8 8 8 8 2 2 2 2 2 2 2 2 2 2 4 4 4 4 4 4 0 0 0 0 0 0 0 0 0 
15 15 15 15 15 15 15 15 15 9 9 9 9 9 9 9 9 9 9 9 9 9 9 9 9 9 9 9 9 6 6 0 0 0 0 0 0 0 0 0 
9 9 9 9 9 9 9 9 9 9 9 9 9 9 9 9 9 9 9 9 9 9 9 9 9 9 9 9 9 9 6 6 0 0 0 0 0 0 0 0 
9 9 9 9 9 9 9 9 9 9 9 9 9 9 9 9 9 9 9 9 9 9 9 9 9 9 9 9 6 6 6 6 0 0 0 0 0 0 0 0 
9 9 9 9 9 9 9 9 9 9 9 9 9 9 9 9 9 9 9 9 9 9 9 9 9 9 6 6 6 6 6 6 0 0 0 0 0 0 0 0 
9 9 9 9 9 9 9 9 9 9 9 9 9 9 9 9 9 9 9 9 9 9 9 9 6 6 6 6 6 6 6 6 0 0 0 0 0 0 0 0 
9 9 9 9 9 9 9 9 9 9 9 9 9 9 9 9 9 9 9 9 9 9 6 6 6 6 6 6 6 6 6 6 0 0 0 0 0 0 0 0 
9 9 9 9 9 9 9 9 9 9 9 9 9 9 9 9 9 9 9 9 6 6 6 6 6 6 6 6 6 6 6 6 0 0 0 0 0 0 0 0 
9 9 9 9 9 9 9 9 9 9 9 9 9 9 9 9 9 9 6 6 6 6 6 6 6 6 6 6 6 6 6 6 0 0 0 0 0 0 0 0 
9 9 9 9 9 9 9 9 9 9 9 9 9 9 9 9 6 6 6 6 6 6 6 6 6 6 6 6 6 6 6 6 0 0 0 0 0 0 0 0 
