30 15 30 15 30 15 30 15 30 15 30 15 30 15 30 15 30 15 30 15 52 8 52 8 52 8 52 8 52 8 52 8 52 8 52 8 52 8 52 8 52 8 52 8 52 8 52 8 52 8 52 8 52 8 52 8 52 8 52 8 52 8 52 8 52 8 52 8 52 8 52 8 52 8 52 8 52 8 52 8 52 8 52 8 52 8 70 25 70 25 70 25 70 25 70 25 70 25 70 25 70 25 70 25 70 25 70 25 70 25 70 25 70 25 70 25 70 25 70 25 70 25 70 25 70 25 70 25 70 25 70 25 70 25 70 25 70 25 70 25 70 25 70 25 70 25 70 25 70 25 70 25 70 25 70 25 70 25 70 25 
30 15 30 15 30 15 30 15 30 15 30 15 30 15 30 15 30 15 30 15 30 15 30 15 52 8 52 8 52 8 52 8 52 8 52 8 52 8 52 8 52 8 52 8 52 8 52 8 52 8 52 8 52 8 52 8 52 8 52 8 52 8 52 8 52 8 52 8 52 8 52 8 52 8 52 8 52 8 52 8 52 8 52 8 52 8 52 8 70 25 70 25 70 25 70 25 70 25 70 25 70 25 70 25 70 25 70 25 70 25 70 25 70 25 70 25 70 25 70 25 70 25 70 25 70 25 70 25 70 25 70 25 70 25 70 25 70 25 70 25 70 25 70 25 70 25 70 25 70 25 70 25 70 25 70 25 70 25 70 25 
30 15 30 15 30 15 30 15 30 15 30 15 30 15 30 15 30 15 30 15 30 15 30 15 30 15 30 15 30 15 52 8 52 8 52 8 52 8 52 8 52 8 52 8 52 8 52 8 52 8 52 8 52 8 52 8 52 8 52 8 52 8 52 8 52 8 52 8 52 8 52 8 52 8 52 8 52 8 52 8 52 8 52 8 52 8 52 8 52 8 52 8 70 25 70 25 70 25 70 25 70 25 70 25 70 25 70 25 70 25 70 25 70 25 70 25 70 25 70 25 70 25 70 25 70 25 70 25 70 25 70 25 70 25 70 25 70 25 70 25 70 25 70 25 70 25 70 25 70 25 70 25 70 25 70 25 70 25 70 25 
30 15 30 15 30 15 30 15 30 15 30 15 30 15 30 15 30 15 30 15 30 15 30 15 30 15 30 15 30 15 30 15 30 15 52 8 52 8 52 8 52 8 52 8 52 8 52 8 52 8 52 8 52 8 52 8 52 8 52 8 52 8 52 8 52 8 52 8 52 8 52 8 52 8 52 8 52 8 52 8 52 8 52 8 52 8 52 8 52 8 52 8 52 8 70 25 70 25 70 25 70 25 70 25 70 25 70 25 70 25 70 25 70 25 70 25 70 25 70 25 70 25 70 25 70 25 70 25 70 25 70 25 70 25 70 25 70 25 70 25 70 25 70 25 70 25 70 25 70 25 70 25 70 25 70 25 70 25 70 25 
30 15 30 15 30 15 30 15 30 15 30 15 30 15 30 15 30 15 30 15 30 15 30 15 30 15 30 15 30 15 30 15 30 15 30 15 30 15 52 8 52 8 52 8 52 8 52 8 52 8 52 8 52 8 52 8 52 8 52 8 52 8 52 8 52 8 52 8 52 8 52 8 52 8 52 8 52 8 52 8 52 8 52 8 52 8 52 8 52 8 52 8 52 8 52 8 70 25 70 25 70 25 70 25 70 25 70 25 70 25 70 25 70 25 70 25 70 25 70 25 70 25 70 25 70 25 70 25 70 25 70 25 70 25 70 25 70 25 70 25 70 25 70 25 70 25 70 25 70 25 70 25 70 25 70 25 70 25 70 25 
30 15 30 15 30 15 30 15 30 15 30 15 30 15 30 15 30 15 30 15 30 15 30 15 30 15 30 15 30 15 30 15 30 15 30 15 30 15 30 15 30 15 52 8 52 8 52 8 52 8 52 8 52 8 52 8 52 8 52 8 52 8 52 8 52 8 52 8 52 8 52 8 52 8 52 8 52 8 52 8 52 8 52 8 52 8 52 8 52 8 52 8 52 8 52 8 52 8 70 25 70 25 70 25 70 25 70 25 70 25 70 25 70 25 70 25 70 25 70 25 70 25 70 25 70 25 70 25 70 25 70 25 70 25 70 25 70 25 70 25 70 25 70 25 70 25 70 25 70 25 70 25 70 25 70 25 70 25 70 25 
30 15 30 15 30 15 30 15 30 15 30 15 30 15 30 15 30 15 30 15 30 15 30 15 30 15 30 15 30 15 30 15 30 15 30 15 30 15 30 15 30 15 30 15 30 15 52 8 52 8 52 8 52 8 52 8 52 8 52 8 52 8 52 8 52 8 52 8 52 8 52 8 52 8 52 8 52 8 52 8 52 8 52 8 52 8 52 8 52 8 52 8 52 8 52 8 52 8 52 8 70 25 70 25 70 25 70 25 70 25 70 25 70 25 70 25 70 25 70 25 70 25 70 25 70 25 70 25 70 25 70 25 70 25 70 25 70 25 70 25 70 25 70 25 70 25 70 25 70 25 70 25 70 25 70 25 70 25 70 25 
30 15 30 15 30 15 30 15 30 15 30 15 30 15 30 15 30 15 30 15 30 15 30 15 30 15 30 15 30 15 30 15 30 15 30 15 30 15 30 15 30 15 30 15 30 15 30 15 30 15 52 8 52 8 52 8 52 8 52 8 52 8 52 8 52 8 52 8 52 8 52 8 52 8 52 8 52 8 52 8 52 8 52 8 52 8 52 8 52 8 52 8 52 8 52 8 52 8 52 8 52 8 70 25 70 25 70 25 70 25 70 25 70 25 70 25 70 25 70 25 70 25 70 25 70 25 70 25 70 25 70 25 70 25 70 25 70 25 70 25 70 25 70 25 70 25 70 25 70 25 70 25 70 25 70 25 70 25 70 25 
30 22 30 22 30 22 30 15 30 15 30 15 30 15 30 15 30 15 30 15 30 15 30 15 30 15 30 15 30 15 30 15 30 15 30 15 30 15 30 15 30 15 30 15 30 15 30 15 30 15 30 15 30 15 52 8 52 8 52 8 52 8 52 8 52 8 52 8 52 8 52 8 52 8 52 8 52 8 52 8 52 8 52 8 52 8 52 8 52 8 52 8 52 8 52 8 52 8 52 8 52 8 52 8 70 25 70 25 70 25 70 25 70 25 70 25 70 25 70 25 70 25 70 25 70 25 70 25 70 25 70 25 70 25 70 25 70 25 70 25 70 25 70 25 70 25 70 25 70 25 70 25 70 25 70 25 70 25 70 25 
30 22 30 22 30 22 30 22 30 22 30 22 30 15 30 15 30 15 30 15 30 15 30 15 30 15 30 15 30 15 30 15 30 15 30 15 30 15 30 15 30 15 30 15 30 15 30 15 30 15 30 15 30 15 29 13 29 13 30 8 52 8 52 8 52 8 52 8 52 8 52 8 52 8 52 8 52 8 52 8 52 8 52 8 52 8 52 8 52 8 52 8 52 8 52 8 52 8 52 8 52 8 70 25 70 25 70 25 70 25 70 25 70 25 70 25 70 25 70 25 70 25 70 25 70 25 70 25 70 25 70 25 70 25 70 25 70 25 70 25 70 25 70 25 70 25 70 25 70 25 70 25 70 25 70 25 70 25 70 25 
30 22 30 22 30 22 30 22 30 22 30 22 30 22 30 22 30 15 30 15 30 15 30 15 30 15 30 15 30 15 30 15 30 15 30 15 30 15 30 15 30 15 30 15 30 15 30 15 30 15 30 15 30 15 30 15 29 13 29 13 29 13 52 15 52 15 52 15 52 15 52 15 52 15 52 15 52 15 52 15 52 15 52 15 52 15 50 14 50 14 50 14 50 14 50 14 50 14 50 14 50 14 50 14 70 25 70 25 70 25 70 25 70 25 70 25 70 25 70 25 70 25 70 25 70 25 70 25 70 25 70 25 70 25 70 25 70 25 70 25 70 25 70 25 70 25 70 25 70 25 70 25 70 25 70 25 70 25 70 25 
30 22 30 22 30 22 30 22 30 22 30 22 30 22 30 22 30 22 30 22 30 22 30 15 30 15 30 15 30 15 30 15 30 15 30 15 30 15 30 15 30 15 30 15 30 15 30 15 30 15 30 15 30 15 30 15 29 13 29 13 29 13 52 15 52 15 52 15 52 15 52 15 52 15 52 15 52 15 52 15 52 15 52 15 52 15 52 15 50 14 50 14 50 14 50 14 50 14 50 14 50 14 50 14 70 25 70 25 70 25 70 25 70 25 70 25 70 25 70 25 70 25 70 25 70 25 70 25 70 25 70 25 70 25 70 25 70 25 70 25 70 25 70 25 70 25 70 25 70 25 70 25 70 25 70 25 70 25 70 25 
30 22 30 22 30 22 30 22 30 22 30 22 30 22 30 22 30 22 30 22 30 22 30 22 30 22 30 22 30 15 30 15 30 15 30 15 30 15 30 15 30 15 30 15 30 15 30 15 30 15 30 15 30 15 30 15 30 15 29 13 30 15 52 15 52 15 52 15 52 15 52 15 52 15 52 15 52 15 52 15 52 15 52 15 52 15 52 15 52 15 52 15 50 14 50 14 50 14 50 14 50 14 50 14 70 25 70 25 70 25 70 25 70 25 70 25 70 25 70 25 70 25 70 25 70 25 70 25 70 25 70 25 70 25 70 25 70 25 70 25 70 25 70 25 70 25 70 25 70 25 70 25 70 25 70 25 70 25 70 25 
30 22 30 22 30 22 30 22 30 22 30 22 30 22 30 22 30 22 30 22 30 22 30 22 30 22 30 22 30 22 30 22 30 15 30 15 30 15 30 15 30 15 30 15 30 15 30 15 30 15 30 15 30 15 30 15 30 15 30 15 30 15 52 15 52 15 52 15 52 15 52 15 52 15 52 15 52 15 52 15 52 15 52 15 52 15 52 15 52 15 52 15 52 15 52 15 50 14 50 14 50 14 52 15 70 25 70 25 70 25 70 25 70 25 70 25 70 25 70 25 70 25 70 25 70 25 70 25 70 25 70 25 70 25 70 25 70 25 70 25 70 25 70 25 70 25 70 25 70 25 70 25 70 25 70 25 70 25 70 25 
30 22 30 22 30 22 30 22 30 22 30 22 30 22 30 22 30 22 30 22 30 22 30 22 30 22 30 22 30 22 30 22 30 22 30 22 30 22 30 15 30 15 30 15 30 15 30 15 30 15 30 15 30 15 30 15 30 15 30 15 52 15 52 15 52 15 52 15 52 15 52 15 52 15 52 15 52 15 52 15 52 15 52 15 52 15 52 15 52 15 52 15 52 15 52 15 52 15 52 15 52 15 70 25 70 25 70 25 70 25 70 25 70 25 70 25 70 25 70 25 70 25 70 25 70 25 70 25 70 25 70 25 70 25 70 25 70 25 70 25 70 25 70 25 70 25 70 25 70 25 70 25 70 25 70 25 70 25 70 25 
30 22 30 22 30 22 30 22 30 22 30 22 30 22 30 22 30 22 30 22 30 22 30 22 30 22 30 22 30 22 30 22 30 22 30 22 30 22 30 22 30 22 30 22 52 15 52 15 52 15 52 15 52 15 52 15 52 15 52 15 52 15 52 15 52 15 52 15 52 15 52 15 52 15 52 15 52 15 52 15 52 15 52 15 52 15 52 15 52 15 52 15 52 15 52 15 52 15 52 15 52 15 52 15 70 25 70 25 70 25 70 25 70 25 70 25 70 25 70 25 70 25 70 25 70 25 70 25 70 25 70 25 70 25 70 25 70 25 70 25 70 25 70 25 70 25 70 25 70 25 70 25 70 25 70 25 70 25 70 25 
30 22 30 22 30 22 30 22 30 22 30 22 30 22 30 22 30 22 30 22 30 22 30 22 30 22 30 22 30 22 30 22 30 22 30 22 30 22 30 22 30 22 30 22 30 22 30 22 30 22 30 15 30 15 30 15 30 15 30 15 52 15 52 15 52 15 52 15 52 15 52 15 52 15 52 15 52 15 52 15 52 15 52 15 52 15 52 15 52 15 52 15 52 15 52 15 52 15 52 15 52 15 70 25 70 25 70 25 70 25 70 25 70 25 70 25 70 25 70 25 70 25 70 25 70 25 70 25 70 25 70 25 70 25 70 25 70 25 70 25 70 25 70 25 70 25 70 25 70 25 70 25 70 25 70 25 70 25 70 25 
30 22 30 22 30 22 30 22 30 22 30 22 30 22 30 22 30 22 30 22 30 22 30 22 30 22 30 22 30 22 30 22 30 22 30 22 30 22 30 22 30 22 30 22 30 22 30 22 30 22 30 22 30 22 30 22 30 15 30 15 30 15 52 15 52 15 52 15 52 15 52 15 52 15 52 15 52 15 52 15 52 15 52 15 52 15 52 15 52 15 52 15 52 15 52 15 50 16 50 16 50 16 52 15 70 25 70 25 70 25 70 25 70 25 70 25 70 25 70 25 70 25 70 25 70 25 70 25 70 25 70 25 70 25 70 25 70 25 70 25 70 25 70 25 70 25 70 25 70 25 70 25 70 25 70 25 70 25 70 25 
30 22 30 22 30 22 30 22 30 22 30 22 30 22 30 22 30 22 30 22 30 22 30 22 30 22 30 22 30 22 30 22 30 22 30 22 30 22 30 22 30 22 30 22 30 22 30 22 30 22 30 22 30 22 30 22 29 20 29 20 29 20 52 15 52 15 52 15 52 15 52 15 52 15 52 15 52 15 52 15 52 15 52 15 52 15 52 15 52 15 52 15 50 16 50 16 50 16 50 16 50 16 50 16 70 25 70 25 70 25 70 25 70 25 70 25 70 25 70 25 70 25 70 25 70 25 70 25 70 25 70 25 70 25 70 25 70 25 70 25 70 25 70 25 70 25 70 25 70 25 70 25 70 25 70 25 70 25 70 25 
70 25 30 22 30 22 30 22 30 22 30 22 30 22 30 22 30 22 30 22 30 22 30 22 30 22 30 22 30 22 30 22 30 22 30 22 30 22 30 22 30 22 30 22 30 22 30 22 30 22 30 22 30 22 30 22 30 22 29 20 30 22 52 15 52 15 52 15 52 15 52 15 52 15 52 15 52 15 52 15 52 15 52 15 52 15 52 15 50 16 50 16 50 16 50 16 50 16 50 16 50 16 50 16 70 25 70 25 70 25 70 25 70 25 70 25 70 25 70 25 70 25 70 25 70 25 70 25 70 25 70 25 70 25 70 25 70 25 70 25 70 25 70 25 70 25 70 25 70 25 70 25 70 25 70 25 70 25 70 25 
70 25 70 25 70 25 70 25 70 25 70 25 70 25 70 25 70 25 70 25 70 25 70 25 30 22 30 22 30 22 30 22 30 22 30 22 30 22 30 22 30 22 30 22 30 22 30 22 30 22 30 22 30 22 30 22 30 22 30 22 30 22 52 15 52 15 52 15 52 15 52 15 52 15 52 15 52 15 52 15 52 15 52 15 52 15 50 16 50 16 50 16 50 16 50 16 50 16 50 16 50 16 50 16 70 25 70 25 70 25 70 25 70 25 70 25 70 25 70 25 70 25 70 25 70 25 70 25 70 25 70 25 70 25 70 25 70 25 70 25 70 25 70 25 70 25 70 25 70 25 70 25 70 25 70 25 70 25 70 25 
70 25 70 25 70 25 70 25 70 25 70 25 70 25 70 25 70 25 70 25 70 25 70 25 70 25 70 25 70 25 70 25 70 25 70 25 70 25 70 25 70 25 70 25 70 25 30 22 30 22 30 22 30 22 30 22 30 22 30 22 70 25 70 25 70 25 70 25 70 25 70 25 70 25 70 25 70 25 70 25 70 25 70 25 70 25 70 25 70 25 70 25 70 25 70 25 70 25 70 25 70 25 70 25 70 25 70 25 70 25 70 25 70 25 70 25 70 25 70 25 70 25 70 25 70 25 70 25 70 25 70 25 70 25 70 25 70 25 70 25 70 25 70 25 70 25 70 25 70 25 70 25 70 25 70 25 70 25 70 25 
70 25 70 25 70 25 70 25 70 25 70 25 70 25 70 25 70 25 70 25 70 25 70 25 70 25 70 25 70 25 70 25 70 25 70 25 70 25 70 25 70 25 70 25 70 25 70 25 70 25 70 25 70 25 70 25 70 25 70 25 70 25 70 25 70 25 70 25 70 25 70 25 70 25 70 25 70 25 70 25 70 25 70 25 70 25 70 25 70 25 70 25 70 25 70 25 70 25 70 25 70 25 70 25 70 25 70 25 70 25 70 25 70 25 70 25 70 25 70 25 70 25 70 25 70 25 70 25 70 25 70 25 70 25 70 25 70 25 70 25 70 25 70 25 70 25 70 25 70 25 70 25 70 25 70 25 70 25 70 25 
70 25 70 25 70 25 70 25 70 25 70 25 70 25 70 25 70 25 70 25 70 25 70 25 70 25 70 25 70 25 70 25 70 25 70 25 70 25 70 25 70 25 70 25 70 25 70 25 70 25 70 25 70 25 70 25 70 25 70 25 70 25 70 25 70 25 70 25 70 25 70 25 70 25 70 25 70 25 70 25 70 25 70 25 70 25 70 25 70 25 70 25 70 25 70 25 70 25 70 25 70 25 70 25 70 25 70 25 70 25 70 25 70 25 70 25 70 25 70 25 70 25 70 25 70 25 70 25 70 25 70 25 70 25 70 25 70 25 70 25 70 25 70 25 70 25 70 25 70 25 70 25 70 25 70 25 70 25 70 25 
70 25 70 25 70 25 70 25 70 25 70 25 70 25 70 25 70 25 70 25 70 25 70 25 70 25 70 25 70 25 70 25 70 25 70 25 70 25 70 25 70 25 70 25 70 25 70 25 70 25 70 25 70 25 70 25 70 25 70 25 70 25 70 25 70 25 70 25 70 25 70 25 70 25 70 25 70 25 70 25 70 25 70 25 70 25 70 25 70 25 70 25 70 25 70 25 70 25 70 25 70 25 70 25 70 25 70 25 70 25 70 25 70 25 70 25 70 25 70 25 70 25 70 25 70 25 70 25 70 25 70 25 70 25 70 25 70 25 70 25 70 25 70 25 70 25 70 25 70 25 70 25 70 25 70 25 70 25 70 25 
70 25 70 25 70 25 70 25 70 25 70 25 70 25 70 25 70 25 70 25 70 25 70 25 70 25 70 25 70 25 70 25 70 25 70 25 70 25 70 25 70 25 70 25 70 25 70 25 70 25 70 25 70 25 70 25 70 25 70 25 70 25 70 25 70 25 70 25 70 25 70 25 70 25 70 25 70 25 70 25 70 25 70 25 70 25 70 25 70 25 70 25 70 25 70 25 70 25 70 25 70 25 70 25 70 25 70 25 70 25 70 25 70 25 70 25 70 25 70 25 70 25 70 25 70 25 70 25 70 25 70 25 70 25 70 25 70 25 70 25 70 25 70 25 70 25 70 25 70 25 70 25 70 25 70 25 70 25 70 25 
70 25 70 25 70 25 70 25 70 25 70 25 70 25 70 25 70 25 70 25 70 25 70 25 70 25 70 25 70 25 70 25 70 25 70 25 70 25 70 25 70 25 70 25 70 25 70 25 70 25 70 25 70 25 70 25 70 25 70 25 70 25 70 25 70 25 70 25 70 25 70 25 70 25 70 25 70 25 70 25 70 25 70 25 70 25 70 25 70 25 70 25 70 25 70 25 70 25 70 25 70 25 70 25 70 25 70 25 70 25 70 25 70 25 70 25 70 25 70 25 70 25 70 25 70 25 70 25 70 25 70 25 70 25 70 25 70 25 70 25 70 25 70 25 70 25 70 25 70 25 70 25 70 25 70 25 70 25 70 25 
70 25 70 25 70 25 70 25 70 25 70 25 70 25 70 25 70 25 70 25 70 25 70 25 70 25 70 25 70 25 70 25 70 25 70 25 70 25 70 25 70 25 70 25 70 25 70 25 70 25 70 25 70 25 70 25 70 25 70 25 70 25 70 25 70 25 70 25 70 25 70 25 70 25 70 25 70 25 70 25 70 25 70 25 70 25 70 25 70 25 70 25 70 25 70 25 70 25 70 25 70 25 70 25 70 25 70 25 70 25 70 25 70 25 70 25 70 25 70 25 70 25 70 25 70 25 70 25 70 25 70 25 70 25 70 25 70 25 70 25 70 25 70 25 70 25 70 25 70 25 70 25 70 25 70 25 70 25 70 25 
70 25 70 25 70 25 70 25 70 25 70 25 70 25 70 25 70 25 70 25 70 25 70 25 70 25 70 25 70 25 70 25 70 25 70 25 70 25 70 25 70 25 70 25 70 25 70 25 70 25 70 25 70 25 70 25 70 25 70 25 70 25 70 25 70 25 70 25 70 25 70 25 70 25 70 25 70 25 70 25 70 25 70 25 70 25 70 25 70 25 70 25 70 25 70 25 70 25 70 25 70 25 70 25 70 25 70 25 70 25 70 25 70 25 70 25 70 25 70 25 70 25 70 25 70 25 70 25 70 25 70 25 70 25 70 25 70 25 70 25 70 25 70 25 70 25 70 25 70 25 70 25 70 25 70 25 70 25 70 25 
70 25 70 25 70 25 70 25 70 25 70 25 70 25 70 25 70 25 70 25 70 25 70 25 70 25 70 25 70 25 70 25 70 25 70 25 70 25 70 25 70 25 70 25 70 25 70 25 70 25 70 25 70 25 70 25 70 25 70 25 70 25 70 25 70 25 70 25 70 25 70 25 70 25 70 25 70 25 70 25 70 25 70 25 70 25 70 25 70 25 70 25 70 25 70 25 70 25 70 25 70 25 70 25 70 25 70 25 70 25 70 25 70 25 70 25 70 25 70 25 70 25 70 25 70 25 70 25 70 25 70 25 70 25 70 25 70 25 70 25 70 25 70 25 70 25 70 25 70 25 70 25 70 25 70 25 70 25 70 25 
70 25 70 25 70 25 70 25 70 25 70 25 70 25 70 25 70 25 70 25 70 25 70 25 70 25 70 25 70 25 70 25 70 25 70 25 70 25 70 25 70 25 70 25 70 25 70 25 70 25 70 25 70 25 70 25 70 25 70 25 70 25 70 25 70 25 70 25 70 25 70 25 70 25 70 25 70 25 70 25 70 25 70 25 70 25 70 25 70 25 70 25 70 25 70 25 70 25 70 25 70 25 70 25 70 25 70 25 70 25 70 25 70 25 70 25 70 25 70 25 70 25 70 25 70 25 70 25 70 25 70 25 70 25 70 25 70 25 70 25 70 25 70 25 70 25 70 25 70 25 70 25 70 25 70 25 70 25 70 25 
70 25 70 25 70 25 70 25 70 25 70 25 70 25 70 25 70 25 70 25 70 25 70 25 70 25 70 25 70 25 70 25 70 25 70 25 70 25 70 25 70 25 70 25 70 25 70 25 70 25 70 25 70 25 70 25 70 25 70 25 70 25 70 25 70 25 70 25 70 25 70 25 70 25 70 25 70 25 70 25 70 25 70 25 70 25 70 25 70 25 70 25 70 25 70 25 70 25 70 25 70 25 70 25 70 25 70 25 70 25 70 25 70 25 70 25 70 25 70 25 70 25 70 25 70 25 70 25 70 25 70 25 70 25 70 25 70 25 70 25 70 25 70 25 70 25 70 25 70 25 70 25 70 25 70 25 70 25 70 25 
70 25 70 25 70 25 70 25 70 25 70 25 70 25 70 25 70 25 70 25 70 25 70 25 70 25 70 25 70 25 70 25 70 25 70 25 70 25 70 25 70 25 70 25 70 25 70 25 70 25 70 25 70 25 70 25 70 25 70 25 70 25 70 25 70 25 70 25 70 25 70 25 70 25 70 25 70 25 70 25 70 25 70 25 70 25 70 25 70 25 70 25 70 25 70 25 70 25 70 25 70 25 70 25 70 25 70 25 70 25 70 25 70 25 70 25 70 25 70 25 70 25 70 25 70 25 70 25 70 25 70 25 70 25 70 25 70 25 70 25 70 25 70 25 70 25 70 25 70 25 70 25 70 25 70 25 70 25 70 25 
70 25 70 25 70 25 70 25 70 25 70 25 70 25 70 25 70 25 70 25 70 25 70 25 70 25 70 25 70 25 70 25 70 25 70 25 70 25 70 25 70 25 70 25 70 25 70 25 70 25 70 25 70 25 70 25 70 25 70 25 70 25 70 25 70 25 70 25 70 25 70 25 70 25 70 25 70 25 70 25 70 25 70 25 70 25 70 25 70 25 70 25 70 25 70 25 70 25 70 25 70 25 70 25 70 25 70 25 70 25 70 25 70 25 70 25 70 25 70 25 70 25 70 25 70 25 70 25 70 25 70 25 70 25 70 25 70 25 70 25 70 25 70 25 70 25 70 25 70 25 70 25 70 25 70 25 70 25 70 25 
70 25 70 25 70 25 70 25 70 25 70 25 70 25 70 25 70 25 70 25 70 25 70 25 70 25 70 25 70 25 70 25 70 25 70 25 70 25 70 25 70 25 70 25 70 25 70 25 70 25 70 25 70 25 70 25 70 25 70 25 70 25 70 25 70 25 70 25 70 25 70 25 70 25 70 25 70 25 70 25 70 25 70 25 70 25 70 25 70 25 70 25 70 25 70 25 70 25 70 25 70 25 70 25 70 25 70 25 70 25 70 25 70 25 70 25 70 25 70 25 70 25 70 25 70 25 70 25 70 25 70 25 70 25 70 25 70 25 70 25 70 25 70 25 70 25 70 25 70 25 70 25 70 25 70 25 70 25 70 25 
70 25 70 25 70 25 70 25 70 25 70 25 70 25 70 25 70 25 70 25 70 25 70 25 70 25 70 25 70 25 70 25 70 25 70 25 70 25 70 25 70 25 70 25 70 25 70 25 70 25 70 25 70 25 70 25 70 25 70 25 70 25 70 25 70 25 70 25 70 25 70 25 70 25 70 25 70 25 70 25 70 25 70 25 70 25 70 25 70 25 70 25 70 25 70 25 70 25 70 25 70 25 70 25 70 25 70 25 70 25 70 25 70 25 70 25 70 25 70 25 70 25 70 25 70 25 70 25 70 25 70 25 70 25 70 25 70 25 70 25 70 25 70 25 70 25 70 25 70 25 70 25 70 25 70 25 70 25 70 25 
70 25 70 25 70 25 70 25 70 25 70 25 70 25 70 25 70 25 70 25 70 25 70 25 70 25 70 25 70 25 70 25 70 25 70 25 70 25 70 25 70 25 70 25 70 25 70 25 70 25 70 25 70 25 70 25 70 25 70 25 70 25 70 25 70 25 70 25 70 25 70 25 70 25 70 25 70 25 70 25 70 25 70 25 70 25 70 25 70 25 70 25 70 25 70 25 70 25 70 25 70 25 70 25 70 25 70 25 70 25 70 25 70 25 70 25 70 25 70 25 70 25 70 25 70 25 70 25 70 25 70 25 70 25 70 25 70 25 70 25 70 25 70 25 70 25 70 25 70 25 70 25 70 25 70 25 70 25 70 25 
70 25 70 25 70 25 70 25 70 25 70 25 70 25 70 25 70 25 70 25 70 25 70 25 70 25 70 25 70 25 70 25 70 25 70 25 70 25 70 25 70 25 70 25 70 25 70 25 70 25 70 25 70 25 70 25 70 25 70 25 70 25 70 25 70 25 70 25 70 25 70 25 70 25 70 25 70 25 70 25 70 25 70 25 70 25 70 25 70 25 70 25 70 25 70 25 70 25 70 25 70 25 70 25 70 25 70 25 70 25 70 25 70 25 70 25 70 25 70 25 70 25 70 25 70 25 70 25 70 25 70 25 70 25 70 25 70 25 70 25 70 25 70 25 70 25 70 25 70 25 70 25 70 25 70 25 70 25 70 25 
70 25 70 25 70 25 70 25 70 25 70 25 70 25 70 25 70 25 70 25 70 25 70 25 70 25 70 25 70 25 70 25 70 25 70 25 70 25 70 25 70 25 70 25 70 25 70 25 70 25 70 25 70 25 70 25 70 25 70 25 70 25 70 25 70 25 70 25 70 25 70 25 70 25 70 25 70 25 70 25 70 25 70 25 70 25 70 25 70 25 70 25 70 25 70 25 70 25 70 25 70 25 70 25 70 25 70 25 70 25 70 25 70 25 70 25 70 25 70 25 70 25 70 25 70 25 70 25 70 25 70 25 70 25 70 25 70 25 70 25 70 25 70 25 70 25 70 25 70 25 70 25 70 25 70 25 70 25 70 25 
70 25 70 25 70 25 70 25 70 25 70 25 70 25 70 25 70 25 70 25 70 25 70 25 70 25 70 25 70 25 70 25 70 25 70 25 70 25 70 25 70 25 70 25 70 25 70 25 70 25 70 25 70 25 70 25 70 25 70 25 70 25 70 25 70 25 70 25 70 25 70 25 70 25 70 25 70 25 70 25 70 25 70 25 70 25 70 25 70 25 70 25 70 25 70 25 70 25 70 25 70 25 70 25 70 25 70 25 70 25 70 25 70 25 70 25 70 25 70 25 70 25 70 25 70 25 70 25 70 25 70 25 70 25 70 25 70 25 70 25 70 25 70 25 70 25 70 25 70 25 70 25 70 25 70 25 70 25 70 25 
