405 115
417 110
422 109
386 116
427 108
381 115
433 107
375 114
434 105
369 113
435 94
376 149
436 90
372 147
437 85
435 84
367 145
363 143
358 141
354 139
419 83
414 82
346 171
407 81
341 169
336 167
331 165
326 163
385 79
323 162
378 78
318 160
315 159
310 157
305 155
300 153
356 76
297 152
292 150
288 177
349 75
286 179
287 148
283 146
283 144
284 141
322 247
274 143
330 73
286 135
328 75
266 184
287 132
265 186
266 141
289 129
257 166
293 129
314 261
313 264
258 139
299 131
251 162
315 50
255 138
264 200
327 93
329 94
247 160
252 141
304 133
263 204
244 158
309 135
245 155
263 210
249 147
265 211
312 136
295 102
310 104
342 102
271 214
232 138
291 49
304 291
289 51
230 135
256 227
299 289
296 288
227 129
254 232
293 287
216 200
224 124
252 237
210 191
288 285
273 51
208 193
288 302
250 242
206 192
271 54
209 195
221 118
203 183
251 244
282 283
307 320
279 282
282 307
199 186
268 60
256 247
217 111
279 309
275 280
259 249
199 214
262 251
214 105
270 277
297 329
241 259
191 206
271 316
249 55
211 100
188 196
252 265
211 97
263 272
247 58
240 266
255 267
178 193
288 337
213 91
245 64
302 349
175 195
239 274
194 97
214 88
281 328
300 353
170 198
216 84
189 99
316 364
298 357
167 200
238 282
220 84
229 64
185 101
296 361
227 67
238 306
224 86
162 203
237 307
181 103
227 87
294 366
177 105
157 206
231 89
292 370
172 107
290 374
168 109
288 378
164 111
238 326
286 383
240 327
160 113
284 387
156 115
159 272
282 391
151 117
280 396
156 278
147 119
213 339
278 400
143 121
153 284
133 259
276 404
139 123
129 257
274 408
150 290
135 125
273 411
124 255
148 295
131 127
271 415
212 362
269 419
125 131
209 364
267 423
149 306
121 133
266 426
204 367
265 427
115 137
199 370
259 423
150 317
111 139
255 421
195 378
105 143
151 327
248 417
102 146
188 383
223 402
99 152
242 413
184 386
152 338
226 404
238 411
96 158
231 407
176 377
93 164
90 170
58 254
160 359
57 252
168 368
57 250
87 176
52 263
58 246
50 265
84 182
59 242
60 238
81 188
61 234
62 230
78 194
63 226
75 199
64 222
72 204
65 218
66 214
49 316
49 332
75 394
68 395
61 396
58 397
57 395
50 368
55 387
51 372
52 376
