342 48
317 64
328 76
327 92
328 94
291 49
289 51
310 104
342 102
273 51
308 109
271 54
293 105
306 116
268 60
305 120
417 82
307 121
312 123
282 115
427 83
249 55
317 125
277 118
247 58
288 130
436 84
272 121
437 85
245 64
286 135
267 124
436 92
284 142
262 127
283 146
229 64
435 99
259 129
285 147
227 67
290 149
434 106
252 131
432 107
274 154
225 74
295 151
247 133
252 141
223 79
300 153
223 81
273 164
249 147
240 135
271 165
420 109
306 155
215 85
416 110
235 137
246 153
311 157
232 138
213 92
244 158
230 135
408 111
316 159
257 166
247 160
405 112
211 97
227 129
321 161
211 100
265 186
326 163
224 124
395 114
215 107
331 165
221 118
217 111
217 160
386 116
264 200
337 167
212 163
263 204
381 115
342 169
209 165
334 185
346 171
263 210
333 189
375 114
347 169
265 211
332 193
369 113
349 164
331 197
271 214
376 149
330 201
208 191
217 199
208 193
206 192
352 156
329 205
372 147
209 195
256 227
350 155
197 188
328 209
211 204
367 145
254 232
327 213
363 143
252 237
326 217
189 195
205 209
183 190
325 221
250 242
185 199
251 244
193 208
191 206
178 193
324 225
199 214
139 123
175 195
256 247
327 231
135 125
259 249
170 198
131 127
262 251
325 238
165 201
241 259
324 242
162 203
125 131
252 265
323 246
240 266
255 267
321 247
121 133
157 206
258 269
154 208
239 274
115 137
149 211
264 273
111 139
238 282
270 277
105 143
273 279
312 268
237 290
102 146
311 271
277 281
310 274
99 152
236 298
282 283
309 277
308 280
96 158
307 283
232 305
237 307
291 286
306 286
262 310
93 164
229 310
305 290
296 288
304 291
159 272
227 314
90 170
271 316
225 318
156 278
133 259
296 305
87 176
238 326
129 257
153 284
240 327
221 325
300 310
84 182
124 255
281 328
150 290
218 330
304 315
81 188
284 332
216 334
148 295
307 320
214 338
78 194
288 337
212 339
75 199
149 306
72 204
150 317
68 210
302 349
212 362
300 353
66 215
209 364
151 327
298 357
204 367
64 223
296 361
199 370
294 366
152 338
62 231
292 370
195 378
290 374
60 239
288 378
58 254
188 383
57 252
57 250
286 383
52 263
223 402
184 386
50 265
284 387
160 359
226 404
282 391
231 407
280 396
176 377
236 410
278 400
276 404
243 414
274 408
151 384
149 385
273 411
248 417
271 415
255 421
269 419
267 423
260 424
266 426
131 387
126 388
49 316
324 455
49 332
108 390
103 391
85 393
80 394
50 368
51 372
52 376
62 396
53 380
58 397
54 384
57 395
55 388
