148 75
162 87
151 95
167 85
150 102
140 47
172 83
141 44
177 81
125 49
149 110
142 41
147 111
121 51
182 79
144 36
142 113
117 53
146 33
187 77
113 55
150 33
192 75
155 35
108 58
196 73
158 36
104 60
201 71
100 62
159 16
206 69
95 65
163 16
210 67
91 67
214 65
168 18
118 136
87 69
171 19
113 139
225 80
219 59
225 101
82 72
229 81
108 142
178 5
78 74
230 103
233 82
224 53
233 104
74 76
183 5
103 145
237 83
236 105
192 159
187 6
69 79
241 84
241 107
97 149
191 7
198 162
245 85
65 81
244 108
195 8
242 52
235 41
61 83
249 110
245 52
237 34
250 54
255 112
54 87
252 130
83 160
239 29
255 56
50 89
260 114
178 193
260 58
77 163
266 116
262 131
43 93
242 20
263 132
265 60
271 118
262 136
38 96
270 62
170 209
276 120
261 140
261 23
34 98
277 118
260 144
30 100
232 10
183 214
259 148
280 112
26 102
227 8
258 152
188 218
169 223
273 24
282 108
222 6
192 221
257 157
20 108
278 104
21 110
256 161
217 4
91 221
197 225
285 25
255 165
24 115
168 237
212 2
166 238
201 228
254 169
88 227
60 208
207 0
253 173
206 232
86 232
296 26
168 247
53 204
309 99
258 182
83 238
164 254
311 92
308 27
256 188
80 244
41 216
222 234
255 191
313 87
192 259
79 247
40 217
71 244
159 262
168 265
226 235
315 82
157 266
253 198
316 80
320 28
252 199
231 236
80 257
202 267
41 227
232 234
313 78
155 270
248 197
43 228
169 276
171 277
234 229
228 257
306 76
331 29
151 277
81 268
17 204
236 222
301 74
233 263
48 245
147 284
317 58
10 200
145 287
294 72
343 30
82 278
238 269
237 271
179 298
3 196
234 276
182 300
0 194
83 289
355 31
230 282
188 303
142 310
227 287
366 32
194 306
367 33
363 55
138 313
234 297
366 38
200 309
232 301
94 310
131 318
206 312
230 305
228 309
212 315
125 328
226 313
218 318
224 317
120 331
110 328
