413 114
427 108
433 107
434 105
386 116
381 115
435 94
375 114
436 90
437 85
369 113
435 84
376 149
372 147
367 145
419 83
363 143
414 82
358 141
407 81
354 139
346 171
341 169
385 79
336 167
378 78
331 165
326 163
323 162
318 160
315 159
356 76
310 157
305 155
349 75
300 153
297 152
292 150
288 177
286 179
287 148
330 73
328 75
283 146
283 144
284 141
322 247
274 143
286 135
266 184
287 132
315 50
265 186
327 93
266 141
289 129
315 258
329 94
257 166
293 129
258 139
299 131
251 162
255 138
264 200
310 104
247 160
252 141
342 102
304 133
263 204
244 158
308 109
291 49
309 135
245 155
263 210
249 147
289 51
265 211
312 136
271 214
304 291
232 138
230 135
273 51
299 289
256 227
271 54
296 288
227 129
254 232
293 287
216 200
268 60
224 124
252 237
288 285
210 191
288 302
208 193
250 242
206 192
209 195
221 118
282 283
203 183
251 244
306 321
279 282
282 307
199 186
249 55
256 247
279 309
275 280
217 111
247 58
259 249
199 214
270 277
262 251
297 329
214 105
245 64
241 259
271 316
191 206
211 100
188 196
252 265
263 272
211 97
240 266
255 267
288 337
178 193
229 64
302 349
213 91
175 195
227 67
239 274
194 97
214 88
300 353
283 331
170 198
216 84
298 357
189 99
225 74
167 200
238 282
220 84
296 361
185 101
238 306
224 86
237 307
162 203
181 103
294 366
227 87
177 105
157 206
292 370
231 89
290 374
172 107
288 378
168 109
287 381
238 326
164 111
240 327
285 385
160 113
283 389
156 115
159 272
281 393
151 117
279 398
156 278
147 119
213 339
277 402
143 121
153 284
133 259
275 406
139 123
129 257
150 290
273 411
135 125
124 255
271 415
148 295
131 127
269 419
212 362
125 131
209 364
267 423
149 306
266 426
121 133
265 427
204 367
115 137
199 370
259 423
150 317
111 139
255 421
195 378
105 143
151 327
248 417
102 146
188 383
223 402
242 413
184 386
99 152
226 404
152 338
238 411
96 158
231 407
176 377
93 164
90 170
58 254
168 368
160 359
57 252
57 250
87 176
52 263
58 246
50 265
84 182
59 242
60 238
81 188
61 234
150 417
62 230
78 194
63 226
75 199
64 222
72 204
65 218
66 214
49 316
49 332
75 394
68 395
61 396
58 397
57 395
50 368
55 387
51 372
52 376
36 441
