1348 2029
1376 2018
1382 2015
1315 2051
1314 2052
1386 2013
1304 2036
1389 2016
1316 2056
1318 2060
1392 2022
1320 2064
1387 1988
1395 2028
1322 2068
1284 2037
1398 2034
1391 1979
1292 2065
1282 2038
1401 2040
1394 1973
1286 2069
1402 2043
1282 2071
1270 2037
1401 2047
1397 1967
1277 2074
1400 2052
1401 1958
1399 2057
1272 2077
1257 2036
1398 2061
1268 2079
1404 1952
1397 2066
1262 2083
1261 2084
1407 1946
1396 2071
1244 2035
1405 1944
1395 2075
1265 2091
1399 1941
1394 2080
1267 2095
1231 2034
1393 1938
1270 2100
1226 2032
1272 2104
1223 2031
1220 2030
1274 2108
1402 2098
1214 2028
1277 2113
1400 2105
1279 2117
1399 2108
1209 2026
1206 2025
1398 2112
1281 2121
1203 2024
1397 2116
1197 2022
1395 2123
1192 2020
1394 2127
1189 2019
1237 2140
1186 2018
1392 2134
1180 2016
1241 2147
1390 2141
1389 2145
1245 2154
1446 1879
1248 2159
1169 2007
1387 2152
1166 2005
1250 2163
1386 2156
1383 2158
1253 2168
1198 2157
1158 1999
1378 2161
1255 2172
1373 2164
1195 2163
1258 2177
1260 2181
1149 1992
1368 2167
1435 1841
1192 2169
1263 2186
1363 2170
1190 2174
1141 1986
1265 2190
1448 1836
1436 1829
1187 2180
1356 2174
1268 2195
1437 1825
1133 1980
1351 2177
1270 2199
1184 2186
1439 1818
1449 1824
1346 2180
1273 2204
1130 1974
1180 2195
1275 2208
1441 1811
1341 2183
1127 1968
1442 1808
1278 2213
1444 1806
1399 1801
1450 1810
1124 1963
1334 2187
1280 2217
1329 2190
1121 1957
1283 2222
1398 1791
1285 2226
1324 2193
1118 1951
1287 2229
1115 1946
1410 1779
1291 2227
1326 2210
1295 2225
1407 1774
1112 1940
1299 2223
1270 2251
1317 2214
1268 2252
1109 1934
1303 2221
1401 1765
1311 2217
1307 2219
1262 2255
1106 1929
1398 1760
1103 1923
1254 2258
1394 1754
1100 1917
1248 2261
1391 1749
1097 1912
1388 1746
1240 2264
1094 1906
1382 1752
1234 2267
1091 1900
1232 2264
1378 1757
1088 1895
1229 2259
1085 1889
1225 2252
1462 1719
1082 1883
1079 1878
1076 1872
1073 1866
1070 1861
1202 2304
1330 1742
1067 1855
1195 2302
1429 1675
1321 1752
1191 2301
1063 1848
1038 1864
1187 2300
1063 1845
1035 1864
1183 2299
1464 1670
1064 1841
1176 2297
1066 1834
1172 2296
1067 1831
1020 1859
1465 1655
1168 2295
1068 1827
1016 1861
1164 2294
1070 1823
1011 1864
1073 1821
1157 2292
1006 1867
1153 2291
1079 1818
1430 1630
1002 1869
1149 2290
1084 1816
1054 1807
1145 2289
1052 1803
996 1873
1143 2286
1001 1834
1090 1813
992 1875
1420 1615
1095 1811
1466 1621
985 1854
1048 1796
1140 2280
998 1828
987 1878
1098 1809
1045 1793
1079 1790
1137 2275
1256 1752
995 1822
1256 1734
982 1881
1041 1795
1255 1732
1467 1611
995 1819
1077 1786
1105 1805
1251 1754
1134 2269
978 1883
1037 1797
998 1817
1248 1755
1073 1780
1033 1799
1111 1802
1131 2264
972 1887
1004 1814
1243 1757
1114 1800
1029 1801
968 1889
1128 2258
1025 1803
1249 1716
1010 1811
1237 1759
1120 1797
963 1892
954 1861
1431 1584
1021 1805
1232 1761
1124 2251
1016 1808
1125 1794
958 1895
1468 1583
1227 1763
946 1860
1121 2245
954 1897
1224 1764
1132 1790
1118 2240
1219 1766
938 1859
1412 1567
948 1901
1138 1787
1469 1572
1216 1767
1413 1564
944 1903
1115 2234
1210 1730
1143 1784
1411 1560
1211 1769
929 1858
1210 1770
939 1906
1408 1555
1111 2227
1212 1774
1253 1680
1150 1780
934 1909
1232 1682
1406 1551
1214 1778
1108 2221
930 1911
1156 1777
1216 1782
1403 1546
1105 2216
915 1846
1161 1774
1401 1542
1218 1787
1432 1539
924 1915
1187 1729
1252 1664
1434 1537
1220 1791
1102 2210
1398 1538
920 1917
1183 1762
910 1842
1470 1540
1397 1537
918 1919
1168 1770
1470 1537
1222 1795
1471 1536
1179 1764
1099 2205
1468 1536
1231 1659
904 1837
1224 1799
923 1926
1096 2199
1226 1803
1384 1538
1230 1801
1240 1643
901 1826
1092 2192
1234 1799
913 1939
899 1821
1372 1539
1089 2186
1230 1637
917 1946
1086 2181
876 1903
896 1810
874 1900
1386 1500
1083 2175
1359 1540
921 1953
894 1805
872 1897
1239 1619
1382 1495
1079 2168
925 1960
868 1891
1229 1614
1238 1612
1347 1541
1378 1490
891 1794
1398 1482
1076 2162
929 1967
864 1885
1374 1485
889 1789
1396 1476
879 1792
1073 2157
1375 1483
862 1882
1237 1602
1395 1473
878 1788
933 1974
1334 1542
859 1877
1070 2151
877 1785
1362 1479
1393 1467
857 1874
886 1778
876 1782
937 1981
1391 1465
1228 1592
875 1778
1066 2144
884 1773
1322 1543
853 1868
874 1775
1356 1472
941 1988
873 1772
851 1865
994 2208
1063 2138
882 1765
872 1768
834 1936
1350 1465
1060 2133
871 1765
847 1859
945 1995
1310 1544
826 1923
880 1760
1351 1462
841 1961
1309 1546
829 1939
822 1925
1227 1570
1057 2127
1377 1447
869 1758
1235 1568
843 1853
1225 1569
949 2002
976 2210
878 1753
1309 1552
824 1942
818 1927
982 2196
833 1962
1222 1569
840 1848
867 1752
1357 1453
971 2213
814 1929
819 1945
876 1746
953 2009
838 1845
826 1963
866 1748
1216 1571
1360 1448
1317 1559
809 1931
836 1842
1213 1572
874 1741
814 1948
864 1742
805 1933
818 1964
957 2016
962 2220
1208 1574
809 1951
832 1836
863 1738
801 1935
1205 1575
808 1857
872 1733
1478 1423
1204 1563
1325 1566
939 2250
957 2223
810 1965
1203 1561
1202 1576
961 2023
804 1954
1013 2124
797 1937
861 1732
1379 1416
1015 2121
828 1830
870 1728
937 2247
860 1728
826 1827
1380 1412
935 2244
803 1966
799 1957
785 1921
965 2030
1333 1573
1013 2114
868 1721
933 2241
1203 1551
1381 1408
1192 1578
948 2230
1476 1410
799 1969
867 1719
781 1923
794 1960
858 1722
1205 1550
936 2238
1383 1404
1011 2109
869 1717
822 1818
969 2037
857 1718
943 2233
966 2160
789 1963
1386 1402
1184 1579
872 1715
1376 1399
793 1974
1258 1546
774 1928
964 2157
1374 1398
1009 2102
819 1812
855 1712
790 1976
1372 1398
784 1966
877 1712
973 2044
1477 1395
1386 1393
1008 2098
769 1931
961 2152
1373 1392
854 1708
880 1710
1373 1390
1403 1385
816 1806
779 1969
1008 2094
1387 1389
959 2149
958 2059
764 1934
977 2051
852 1702
776 1971
902 2263
885 1707
957 2146
1388 1385
1244 1547
780 1984
813 1800
850 1700
1229 1549
1009 2087
1245 1501
955 2142
1389 1381
899 2259
771 1975
890 1704
931 2161
981 2058
846 1703
757 1939
1390 1377
810 1794
1160 1554
1478 1377
1010 2080
895 1701
753 1941
895 2253
1260 1603
842 1706
772 1991
1391 1373
985 2065
924 2155
898 1699
960 2107
807 1788
769 1993
761 1980
1152 1555
900 1698
987 2068
1392 1367
891 2247
836 1711
746 1946
956 2110
756 1983
889 2244
918 2150
1402 1357
833 1713
1145 1556
906 1694
1393 1361
953 2089
742 1949
952 2113
1384 1359
803 1779
875 2263
994 2064
751 1986
759 2001
885 2238
1394 1356
911 1691
1385 1354
1138 1557
827 1718
945 2113
911 2144
800 1773
914 1689
746 1989
824 1720
939 2107
1386 1348
881 2232
743 1991
797 1767
750 1960
719 1919
1130 1558
919 1686
937 2104
879 2229
1395 1345
904 2138
741 1988
749 2009
1387 1342
715 1921
739 1985
1135 1520
794 1761
924 1683
1123 1559
815 1727
934 2098
745 2013
1388 1337
875 2223
898 2133
710 1924
1271 1652
1386 1336
1479 1337
1401 1330
1396 1335
706 1907
929 1680
735 1979
1384 1337
791 1755
872 2219
742 1795
1116 1560
706 1926
1383 1339
749 2019
930 2091
1115 1561
932 1678
1385 1330
702 1909
1272 1658
1135 1502
701 1895
728 1978
738 1798
751 2023
788 1749
928 1666
805 1735
1480 1327
868 2213
698 1911
700 1930
927 2085
1273 1664
699 1931
909 1645
725 1973
1120 1568
695 1891
792 1745
754 2028
737 1782
692 1921
732 1803
934 1662
799 1740
864 2207
1274 1670
691 1889
924 2079
722 1968
1123 1573
756 2032
690 1918
729 1805
937 1660
862 2204
829 2256
705 1940
688 1915
686 1886
921 2074
719 1963
943 1656
760 2039
1128 1580
858 2198
682 1884
1400 1302
708 1945
685 1910
825 2251
725 1774
946 1656
918 2068
716 1958
715 1807
948 1659
1131 1585
716 2036
714 1955
764 2045
711 1950
682 1905
717 1815
854 2192
821 2246
675 1880
672 1881
890 1611
914 2061
852 2189
766 2049
712 2039
763 1705
948 1641
818 2242
679 1900
671 1940
762 1703
1388 1293
1136 1592
669 1884
709 2041
888 1606
668 1876
769 2054
911 2055
705 1816
1480 1291
848 2183
676 1895
760 1698
814 2237
705 2044
1139 1597
707 1823
712 1787
954 1636
886 1602
666 1934
771 2058
807 2241
846 2180
1387 1283
908 2049
661 1872
752 2068
810 2232
751 2069
758 1691
803 2244
660 1870
843 2176
1399 1275
960 1631
661 1928
775 2065
697 2050
905 2044
1397 1273
807 2228
695 1825
756 1686
840 2171
1386 1274
818 2190
744 2068
659 1863
797 2249
1384 1272
695 1833
966 1626
779 2071
902 2038
656 1922
803 2223
1382 1273
700 1800
794 2251
654 1860
837 2166
813 2193
754 1679
689 2056
664 1858
781 2075
1391 1264
1380 1268
1380 1276
800 2219
971 1622
915 1585
1384 1264
752 1674
834 2161
685 1834
651 1916
786 2251
652 1852
784 2080
1383 1260
669 1854
917 1580
796 2214
685 1841
786 2258
1055 1601
667 2040
679 1787
681 2062
804 2200
977 1617
781 2255
1382 1256
786 2084
830 2155
750 1667
783 2260
1052 1603
919 1575
1389 1251
792 2209
675 1849
1381 1252
688 1813
799 2203
661 2044
748 1662
783 2214
827 2150
776 2259
983 1612
1047 1606
1388 1247
790 2091
1380 1248
673 2068
922 1569
825 2147
779 2217
746 1657
1479 1246
1379 1244
953 1580
771 2263
665 1756
773 2268
654 2049
668 1803
617 1876
989 1607
924 1563
822 2142
660 1777
1378 1240
1386 1237
777 2107
744 1650
665 2074
773 2222
766 2267
796 2100
613 1878
1377 1237
656 1779
1036 1614
994 1603
648 2053
662 1806
819 2137
927 1557
676 1826
780 2112
742 1645
1045 1461
765 2275
652 1781
799 2105
817 2134
998 1603
745 2330
1032 1617
1375 1231
644 2056
607 1882
767 2227
760 2272
1398 1224
656 1809
762 2277
657 2080
648 1783
621 1833
649 1818
927 1549
1382 1225
742 2326
802 2110
603 1884
814 2129
784 2119
740 1638
1373 1226
1027 1620
755 2276
638 2060
610 1903
644 1785
812 2126
761 2232
1372 1223
757 2226
739 2322
1379 1219
738 1633
598 1888
806 2116
634 2063
649 2086
1030 1462
788 2126
750 2280
606 1898
1009 1613
736 2318
752 2285
1370 1217
752 2230
637 1789
755 2237
735 1625
733 2314
628 2067
1367 1213
745 2284
633 1791
1375 1210
737 1624
747 2234
1365 1213
641 2092
625 2069
1364 1215
749 2242
590 1842
730 2310
629 1793
585 1893
741 1623
744 2292
743 2237
740 2288
1373 1204
1016 1463
1365 1206
1361 1208
588 1839
621 2072
744 1623
741 2294
581 1895
727 2306
624 1796
1478 1201
743 2247
746 1626
1363 1201
738 2241
735 2292
633 2098
1370 1198
585 1833
620 1798
615 2076
732 2301
723 2300
1361 1197
739 2250
749 1632
733 2245
1359 1196
616 1800
1367 1192
1397 1185
582 1828
611 2079
571 1902
720 2296
1001 1464
1369 1191
625 2104
1355 1196
1395 1183
612 1802
729 2248
752 1638
717 2292
1351 1197
1391 1184
1374 1189
566 1905
731 2257
605 2083
578 1821
724 2252
1388 1185
728 2259
580 1819
605 1806
755 1644
766 1633
601 2086
617 2110
713 2287
561 1908
1344 1199
1384 1186
720 2255
1433 1170
987 1465
601 1808
769 1629
1341 1200
586 1816
710 2283
553 1842
1436 1168
1340 1201
595 2090
597 1810
715 2259
554 1913
609 2116
607 1702
706 2278
773 1623
1342 1207
1443 1165
765 1587
549 1916
710 2263
715 2270
588 2095
540 1846
973 1466
696 2278
972 1467
777 1617
585 2097
601 2122
706 2266
753 1573
772 1588
543 1920
779 1614
1477 1156
774 1590
1475 1154
781 1610
1456 1161
973 1476
578 2102
538 1923
672 2291
593 2128
776 1595
780 1606
755 1563
1469 1156
1461 1159
786 1605
669 2287
572 2106
756 1559
531 1928
666 2283
585 2134
568 2109
526 1931
751 1552
663 2279
1347 1137
550 1769
562 2113
521 1934
660 2275
577 2140
1299 1219
558 2116
746 1545
937 1453
574 2143
657 2271
1295 1220
936 1451
514 1939
1313 1141
743 1541
554 2111
1291 1221
654 2267
726 1530
1443 1111
509 1942
1287 1222
740 1536
728 1529
651 2263
550 2106
572 2155
925 1479
1283 1223
504 1945
572 2158
648 2259
1279 1224
546 2101
920 1482
742 1523
645 2255
487 1822
1275 1225
485 1822
497 1950
542 2096
572 2167
916 1486
935 1428
474 1875
1271 1226
642 2251
1470 1100
935 1427
545 2148
933 1427
481 1824
732 1511
937 1426
1408 1090
1432 1090
492 1953
581 2169
469 1874
538 2091
639 2247
717 1507
477 1826
583 2172
737 1507
734 1504
464 1878
538 2153
464 1873
636 2243
486 1957
738 1504
716 1502
534 2086
544 2167
462 1870
460 1880
739 1501
470 1830
534 2156
736 1499
633 2239
481 1960
541 2169
534 1656
740 1498
530 2081
589 2180
456 1882
459 1865
530 2159
630 2235
537 2172
738 1492
452 1884
742 1492
1385 1070
526 2076
1242 1204
526 2162
627 2231
474 1965
534 2174
890 1497
1239 1205
740 1487
457 1810
595 2188
447 1887
585 1564
1237 1206
714 1484
882 1478
522 2165
744 1486
624 2227
522 2071
454 1810
1384 1063
469 1968
591 2196
443 1889
518 2168
742 1480
621 2223
526 2180
713 1478
746 1480
464 1971
518 2066
743 1478
437 1868
879 1498
439 1891
601 2196
1383 1056
595 2201
448 1801
741 1477
747 1477
514 2171
618 2219
1273 1094
522 2183
713 1473
435 1865
712 1472
1469 1058
749 1475
869 1478
715 1472
514 2061
1226 1197
444 1803
1382 1050
510 2174
1222 1202
599 2206
615 2215
735 1476
518 2186
457 1976
718 1472
865 1476
598 2208
1271 1087
432 1859
607 2204
868 1499
1468 1052
732 1475
1222 1194
1240 1118
506 2177
510 2056
612 2211
432 1933
723 1473
1381 1043
513 2189
452 1979
430 1855
437 1808
594 2211
860 1474
1269 1082
1467 1047
429 1935
436 1809
471 1713
450 1981
432 1853
1235 1121
469 1712
506 2051
1216 1189
856 1472
708 1457
427 1932
1380 1036
438 1813
499 2182
1466 1042
589 2215
1267 1076
766 1473
553 2313
465 1714
735 1456
1212 1186
852 1470
438 1850
504 2196
440 1817
502 2046
421 1848
495 2185
1465 1037
585 2218
551 2310
666 1462
424 1926
1379 1030
1265 1071
461 1716
1227 1127
441 1848
707 1449
438 1821
732 1451
1208 1183
419 1844
549 2307
774 1473
500 2199
491 2188
706 1446
458 1718
1464 1032
498 2041
848 1463
460 1993
421 1921
1223 1130
580 2222
435 1753
1378 1023
417 1840
1263 1064
447 1845
663 1454
496 2202
454 1720
546 2302
487 2191
780 1475
1463 1027
442 1828
463 1997
727 1444
494 2036
1218 1133
1200 1177
705 1438
836 1471
418 1915
575 2226
544 2299
1410 1016
1261 1059
414 1835
450 1722
432 1747
730 1439
483 2194
662 1448
1377 1016
491 2205
1462 1022
785 1477
704 1435
724 1439
430 1744
571 2229
490 2031
1259 1054
606 1472
479 2197
445 1725
661 1443
469 2050
1461 1017
540 2293
791 1473
1376 1010
414 1908
433 1742
791 1479
827 1471
726 1432
408 1826
1209 1140
471 2007
703 1427
441 1727
566 2233
486 2026
465 2052
412 1984
475 2200
1460 1012
719 1432
677 1431
660 1437
724 1429
537 2288
482 2212
702 1424
796 1481
1374 1004
404 1828
411 1902
1256 1045
437 1729
718 1429
461 2054
562 2236
1204 1143
471 2203
535 2285
479 2214
819 1472
799 1482
1373 1001
407 1987
1459 1007
482 2021
659 1431
721 1424
399 1831
716 1425
533 2282
802 1483
1254 1040
1466 1002
467 2206
815 1475
456 2057
1200 1147
701 1416
604 1454
1458 1002
407 1895
557 2240
1371 995
658 1426
395 1833
718 1419
401 1991
714 1421
700 1413
530 2277
452 2059
471 2220
1252 1033
1457 996
1369 990
552 2244
712 1417
404 1889
657 1420
467 2223
395 1995
1368 987
600 1445
388 1837
715 1411
526 2271
1250 1028
710 1413
1456 991
548 2247
413 2024
442 2045
1367 984
656 1414
441 2058
463 2226
698 1401
400 1882
390 1998
708 1409
530 2267
597 1439
712 1405
1455 985
543 2251
381 1841
655 1409
1248 1021
387 2000
1365 978
400 1720
458 2229
434 2056
379 1843
534 2264
397 1876
706 1403
509 1512
435 2064
432 2057
384 2002
1454 980
539 2254
1246 1016
654 1403
1363 973
696 1391
709 1397
593 1430
397 1714
429 2053
704 1397
1453 974
383 1850
378 2006
393 1869
653 1397
1361 967
1244 1009
449 2236
703 1393
394 1709
706 1391
590 1424
385 1854
1452 969
446 2238
652 1392
373 2009
430 2205
1242 1004
390 1863
1359 961
694 1379
391 1704
701 1387
370 2011
1451 963
651 1386
1240 999
704 1382
1357 956
367 2013
440 2243
586 1415
693 1372
1450 958
388 1698
413 2072
424 2198
699 1380
692 1370
1238 994
650 1380
694 1369
1355 950
583 1409
361 2017
702 1374
411 2079
385 1693
1449 952
697 1374
407 2075
649 1375
1236 989
457 1535
419 2192
409 2081
405 2076
1353 944
356 2020
1448 947
580 1403
382 1688
403 2073
1234 984
648 1369
1185 1015
353 2022
1351 939
343 1861
401 2070
413 2088
1182 1015
413 1578
1447 941
577 1398
413 2185
688 1354
350 2024
1232 979
379 1682
400 2068
1350 936
647 1363
694 1351
415 2092
338 1864
1349 933
1446 936
1477 933
451 1516
327 1758
1230 974
574 1392
376 1677
397 2063
344 2028
646 1357
417 2096
1175 1020
335 1866
413 2098
1226 973
407 2178
325 1755
1347 928
694 1344
388 2084
395 2060
1172 1020
1445 930
342 2025
469 1479
1228 969
419 2100
571 1387
373 1672
645 1352
1171 1023
323 1752
393 2097
330 1869
1345 924
384 2086
1444 925
421 2104
337 2034
1226 964
1173 1027
339 2019
568 1382
644 1346
425 1528
320 1747
370 1666
380 2088
686 1335
325 1872
400 2170
387 2100
305 1789
1175 1031
1443 919
693 1332
1224 959
332 2037
318 1744
1340 917
1167 995
322 1874
685 1331
376 2090
336 2013
643 1340
565 1376
367 1661
382 2103
329 2039
1177 1035
300 1791
1442 914
1338 913
392 2257
1163 992
372 2092
684 1326
317 1877
314 1738
642 1335
474 2279
393 2162
475 1442
562 1371
364 1656
296 1793
333 2007
1179 1040
321 1888
324 2042
681 1323
376 2106
314 1879
368 2094
1441 908
433 1492
471 1444
692 1319
1157 988
292 1795
318 1890
311 1733
641 1329
1333 906
1181 1044
559 1366
390 2156
364 2096
330 2002
1440 903
371 2109
309 1882
360 1649
318 2046
309 1730
467 1446
288 1797
350 1654
1183 1048
682 1314
286 1780
1152 985
1331 901
313 1893
360 2098
640 1323
306 1884
556 1361
387 2150
327 1996
463 1448
1215 939
1439 897
284 1799
371 2166
1149 983
484 2290
310 1895
313 2049
306 1725
365 2112
357 1643
283 1776
356 2100
639 1318
691 1307
301 1887
459 1450
1146 981
410 1500
307 1897
310 2051
280 1801
681 1306
374 2269
1438 892
552 1355
345 1645
318 1994
352 2102
324 1990
1212 933
354 1638
298 1889
366 2124
680 1303
304 1899
307 2053
302 1719
638 1312
279 1770
550 1352
276 1803
1437 887
343 1641
316 1990
695 1298
1322 889
406 1493
351 1633
1209 927
272 1805
299 1902
302 2056
276 1766
299 1714
360 2127
320 1983
292 1893
447 1446
547 1347
637 1306
341 1637
315 2080
1435 882
314 2081
296 1904
266 1800
297 1711
1319 884
268 1807
290 1890
545 1344
312 1983
443 1448
348 1627
636 1301
1206 921
402 1486
354 2130
263 1802
678 1290
1433 877
296 2060
272 1760
317 1977
696 1288
264 1809
355 2150
337 1630
291 1907
285 1898
404 1484
294 1706
1316 879
287 1885
351 2132
1431 873
345 1622
541 1338
357 2148
635 1295
269 1756
1203 915
407 1482
291 2063
260 1811
436 1452
288 1910
257 1805
314 1971
334 1625
307 1974
677 1282
364 2297
315 2094
1201 912
257 1813
290 1700
1312 873
1429 868
697 1279
342 1617
634 1289
283 1878
537 1332
276 1902
676 1278
332 1621
252 1808
265 1750
305 1970
413 1478
285 2067
311 1965
429 1456
698 1275
508 2315
259 1818
1427 863
287 1695
1309 868
633 1284
274 1907
287 1920
416 1476
283 2064
303 1966
339 1611
1197 905
262 1746
534 1327
329 1616
260 1821
675 1272
699 1271
270 1905
285 1692
279 1871
271 1908
308 1960
1425 859
245 1812
256 1747
301 1962
532 1324
261 1824
423 1460
1348 848
632 1278
318 2229
700 1267
327 1612
280 2059
422 1461
336 1606
245 1820
274 1869
422 1472
360 1497
674 1266
291 1927
258 1740
282 1687
530 1321
515 2323
276 1866
336 2286
1423 854
1193 898
251 1747
264 1908
298 1959
305 1954
1303 859
263 1829
239 1815
278 2055
272 1865
631 1272
324 1607
333 1601
293 1931
240 1823
333 2113
1421 850
355 1500
702 1260
247 1749
294 1961
366 2331
673 1260
260 1913
290 2107
1190 892
278 1681
526 1315
274 1859
1300 854
234 1818
302 1948
322 1603
275 2050
265 1835
630 1267
295 1935
236 1825
703 1256
243 1751
290 1963
269 1859
1419 845
255 1912
628 1265
266 1838
672 1254
255 1915
329 1594
272 1854
268 1856
1187 887
297 1939
275 1676
705 1252
348 1505
701 1251
229 1821
319 1598
272 2045
292 1947
531 1310
706 1251
285 1966
1417 840
624 1268
251 1917
273 1673
268 1843
229 1829
249 1915
698 1249
236 1755
671 1248
270 1849
1294 845
317 1594
326 1588
1184 882
343 1508
281 1968
1415 836
271 1670
223 1824
536 1306
380 1445
620 1271
712 1253
246 1919
268 2038
670 1242
243 1918
1291 840
314 1589
323 1583
378 1442
222 1833
1413 831
229 1759
471 1330
276 1971
671 1240
241 1919
268 1665
218 1827
717 1255
689 1246
1180 875
336 1513
673 1240
376 1439
542 1301
312 1585
613 1276
342 1470
264 2031
292 2156
237 1918
272 1973
320 1578
1411 826
676 1241
1287 834
224 1762
374 1436
265 1660
722 1257
684 1244
216 1837
712 1234
724 1251
331 1516
211 1831
309 1580
1176 868
547 1297
725 1258
232 1921
1409 822
372 1433
263 1657
220 1764
267 1976
1112 906
212 1839
1327 812
317 1572
1284 829
1430 814
509 1289
1174 865
260 2024
337 1463
713 1228
307 1576
370 1430
214 1759
261 1971
228 1923
263 1978
1407 817
205 1834
604 1284
335 1460
1324 807
324 1521
207 1842
553 1292
1429 809
259 1651
314 1567
1171 861
259 2127
258 1973
213 1768
224 1925
505 1284
304 1571
714 1222
1405 813
208 1762
256 2017
366 1424
606 1288
258 1981
200 1837
203 1844
332 1456
1278 820
319 1524
256 1646
311 1562
558 1288
302 1567
208 1771
715 1217
219 1928
1320 800
1403 808
501 1279
254 1983
251 1977
1166 854
608 1293
254 1643
680 1215
202 1765
215 1926
362 1418
1275 815
252 2010
204 1773
321 1457
215 1930
193 1841
1164 851
299 1562
196 1848
214 1924
308 1556
1401 803
249 1986
1317 794
312 1529
1298 800
564 1283
720 1212
497 1274
610 1298
251 1638
359 1414
211 1932
244 1981
318 1453
297 1558
1161 847
1399 799
195 1769
245 1988
305 1551
187 1844
209 1934
724 1209
211 1918
248 2003
197 1777
612 1303
1314 789
307 1532
189 1852
393 1350
493 1269
569 1279
1128 860
315 1449
294 1554
1269 806
184 1846
247 1632
234 1641
391 1351
355 1408
1397 794
293 1553
241 1991
268 2300
208 2052
237 1985
302 1546
189 1772
614 1308
1311 784
192 1780
1156 840
208 1912
312 1445
489 1264
213 1941
1395 790
183 1856
1266 801
235 1982
289 1556
244 1627
300 1537
1154 837
182 1857
616 1312
188 1782
351 1402
177 1850
384 1356
183 1775
206 1907
215 1945
309 1441
242 1624
335 1411
176 1848
1100 865
289 1526
1307 777
285 1559
184 1861
1151 833
232 1976
484 1258
618 1317
332 1411
694 1186
286 1528
558 1250
379 1359
1405 776
347 1396
1149 830
239 1619
1097 861
181 1786
186 1865
203 1901
305 1436
281 1562
1260 792
173 1842
176 1779
219 1952
229 1971
1303 770
480 1253
282 1531
1146 826
188 1869
692 1180
554 1246
277 1565
176 1789
221 1956
1257 787
343 1390
200 1895
235 1613
370 1341
691 1177
372 1364
170 1836
1144 823
170 1782
645 1180
311 1430
226 1965
1399 768
476 1248
550 1243
190 1874
273 1568
172 1791
321 1402
1299 763
340 1386
273 1536
657 1175
399 1303
198 1890
552 1234
1089 851
232 1608
1141 819
689 1172
168 1831
367 1367
366 1336
1253 781
192 1878
546 1240
164 1785
656 1172
269 1571
343 1383
472 1243
410 1288
230 1605
1139 816
549 1230
655 1169
165 1795
363 1332
269 1530
1295 756
194 1882
1393 760
687 1166
1250 776
423 1273
542 1237
165 1825
228 1602
265 1574
1084 845
312 1397
1136 812
326 1383
468 1238
360 1372
301 1414
313 1393
686 1163
157 1789
349 1379
1298 753
652 1164
360 1328
266 1526
1082 842
160 1798
1390 756
231 1599
209 2191
202 1616
538 1234
545 1224
261 1577
303 1412
308 1400
293 1413
155 1786
352 1377
162 1819
323 1378
684 1158
156 1800
235 1596
1387 752
198 1619
417 1265
300 1407
534 1231
309 1387
463 1232
257 1580
1130 805
1244 767
262 1520
290 1409
683 1155
154 1802
1305 748
541 1218
152 1780
307 1384
239 1593
1384 748
682 1152
194 1622
463 1227
1308 746
253 1583
649 1152
209 2284
539 1215
259 1516
156 1806
287 1405
1241 762
318 1371
158 1810
1075 831
304 1380
328 1361
1124 798
243 1590
465 1223
411 1257
680 1147
149 1774
1381 743
249 1586
647 1147
284 1401
1262 744
315 1366
188 1627
535 1209
255 1510
282 1400
1315 741
467 1219
325 1357
300 1374
280 1401
185 1629
645 1142
678 1141
146 1768
1235 753
406 1251
252 1506
1118 791
1069 821
322 1353
677 1138
470 1214
531 1203
403 1251
310 1359
138 1912
188 1593
1374 734
1322 736
1232 748
226 1544
1067 817
643 1135
143 1762
272 1398
529 1200
319 1349
472 1210
295 1367
1275 725
675 1133
186 1590
248 1500
1325 734
1089 798
307 1354
596 1142
293 1364
674 1130
184 1587
641 1130
1111 783
474 1206
175 1637
316 1345
267 1401
594 1141
1228 742
140 1756
1369 727
245 1496
525 1194
182 1585
640 1127
313 1341
672 1124
302 1348
477 1201
523 1191
1061 807
521 1191
1225 737
288 1357
137 1750
177 1588
638 1122
1059 806
1105 776
687 1117
260 1406
1335 727
298 1350
479 1197
240 1489
310 1337
1057 807
290 1355
670 1119
1363 719
159 1633
1264 711
165 1645
519 1185
238 1486
669 1116
1339 724
481 1193
134 1744
255 1409
307 1333
175 1574
636 1115
156 1635
170 1593
1099 769
1219 728
1261 706
153 1637
1358 713
515 1179
304 1329
667 1110
484 1188
1357 712
634 1110
172 1569
1345 720
233 1479
375 1237
1452 686
248 1414
1216 723
513 1176
633 1107
149 1640
1258 701
486 1184
670 1104
301 1325
163 1598
155 1653
665 1105
1352 715
169 1564
1093 762
371 1239
1046 792
126 1734
146 1642
85 1872
511 1172
664 1102
480 1177
631 1102
488 1180
304 1322
243 1417
229 1473
1255 696
104 2063
159 1601
1305 686
143 1644
482 1174
166 1559
1041 789
149 1658
491 1177
365 1243
308 1319
1040 824
1210 714
140 1646
226 1469
662 1096
140 2231
1303 682
1252 691
154 1604
120 1727
629 1095
1038 787
236 1422
485 1169
577 1107
163 1554
148 1597
145 1661
1381 681
361 1246
1207 709
660 1091
1036 829
1249 686
627 1090
134 1650
222 1463
145 1599
315 1314
1299 675
659 1088
231 1425
160 1549
510 1156
147 1609
626 1087
1391 672
485 1162
1031 782
142 1601
114 1720
572 1101
139 1666
318 1312
219 1459
1246 681
365 1253
674 1080
625 1084
614 1086
570 1100
158 1545
512 1152
1036 837
139 1603
126 2233
482 1159
136 1668
657 1082
1027 779
127 1655
1037 838
673 1077
624 1081
1201 700
1295 668
367 1257
136 1605
224 1430
1243 676
171 1519
140 1614
1397 662
672 1074
1039 835
215 1453
623 1078
515 1147
310 1297
1023 776
124 1651
110 1711
655 1077
154 1539
133 1607
476 1156
671 1071
1198 695
77 2078
622 1075
312 1295
219 1433
136 1617
654 1074
560 1098
1240 671
517 1143
212 1449
1291 661
130 1609
473 1154
670 1068
152 1535
1019 773
74 2047
315 1293
107 1705
126 1676
620 1070
69 1956
1040 851
119 1644
131 1620
1194 689
1237 666
1289 656
652 1068
520 1138
668 1063
470 1148
619 1067
575 1078
106 1701
467 1151
124 1613
212 1438
207 1442
470 1146
147 1529
321 1289
550 1096
618 1064
106 1698
522 1134
1191 684
650 1063
1234 661
666 1058
115 1638
617 1061
472 1142
462 1148
143 1531
119 1616
124 1625
649 1060
545 1095
517 1127
525 1129
107 1692
116 1684
327 1285
462 1142
112 1634
1231 656
474 1138
1282 646
664 1051
542 1098
138 1534
153 1493
330 1283
527 1125
647 1054
113 1620
455 1144
115 1631
614 1053
1185 675
476 1134
1280 642
1228 651
151 1490
1295 635
662 1046
149 1491
1408 630
133 1537
44 1928
522 1117
645 1049
530 1120
538 1105
1182 670
1398 628
449 1141
1277 637
1225 646
479 1128
644 1046
148 1485
129 1539
1406 625
660 1040
532 1116
97 1629
477 1124
1275 633
1405 622
481 1124
1395 623
613 1041
444 1138
87 1640
475 1121
446 1134
1222 641
145 1480
642 1040
658 1035
123 1543
572 1047
1220 638
530 1072
93 1623
1403 617
1176 661
483 1119
441 1131
997 739
1271 626
1222 636
640 1035
142 1475
119 1545
85 1628
74 2210
437 1134
485 1115
656 1028
90 1619
525 1073
75 1659
1401 612
638 1033
1173 656
1225 634
437 1129
79 2289
1225 632
1023 713
139 1470
114 1548
991 736
487 1111
520 1074
654 1023
431 1131
1267 619
433 1127
1399 607
624 1030
481 1107
1474 600
5 1885
86 1613
20 1945
1031 702
1169 650
1231 630
489 1107
136 1465
109 1551
429 1125
515 1075
985 733
426 1128
1397 602
1234 628
83 1609
645 1018
483 1101
1263 613
491 1103
105 1553
1166 645
1027 696
133 1460
510 1076
548 1033
1261 611
980 731
1395 597
423 1122
6 1752
1239 625
493 1099
486 1095
419 1124
79 1603
611 1012
1257 613
505 1077
130 1455
99 1557
975 729
1242 623
1393 592
502 1069
486 1091
1022 689
130 1452
76 1599
12 2118
416 1118
1160 636
500 1078
95 1559
12 2125
413 1121
1024 687
594 1008
485 1087
1391 587
131 1448
1248 619
967 729
412 1116
643 1001
547 1018
1027 685
645 1000
495 1079
1157 631
484 1083
42 2241
90 1562
72 1593
408 1118
132 1444
647 999
546 1015
1389 582
1006 687
408 1114
38 2215
482 1081
1474 572
133 1440
69 1589
1033 681
85 1565
544 1010
1387 577
404 1112
652 1002
401 1114
134 1436
476 1078
118 1439
543 1007
1151 622
81 1567
33 1644
1038 678
1385 572
65 1583
399 1109
642 984
395 1111
541 1002
1148 617
136 1429
395 1107
62 1579
1383 567
75 1571
114 1432
1147 615
1044 674
467 1074
391 1110
52 1584
610 980
64 1577
137 1425
539 997
391 1105
71 1573
978 682
1381 562
111 1427
1143 611
1049 671
138 1421
537 992
604 974
976 678
1318 557
1052 669
1379 557
1139 613
385 1102
139 1417
1151 600
458 1070
974 675
535 987
107 1420
140 1413
381 1100
641 966
1377 552
1353 555
10 1646
972 671
1058 665
378 1098
533 982
1132 618
4 2232
104 1415
603 963
450 1067
1408 541
1375 547
142 1406
969 666
1063 662
369 1109
1128 620
1149 585
531 976
101 1410
448 1059
143 1402
366 1108
1373 542
443 1067
1066 660
595 957
967 662
101 1406
144 1398
443 1057
529 970
438 1068
1371 537
1121 625
59 1444
1072 656
102 1401
145 1394
528 967
376 1081
356 1109
1369 532
594 946
1116 628
103 1397
532 961
1077 653
92 1398
526 961
147 1387
593 942
434 1050
1367 527
1080 651
104 1392
375 1073
1111 631
100 1390
347 1110
431 1048
148 1383
89 1393
367 1072
137 1380
640 934
524 955
1178 545
1365 522
15 1531
105 1387
374 1068
593 935
639 932
87 1390
149 1379
138 1377
640 931
523 952
1086 647
1467 506
560 940
595 933
1445 506
637 930
642 930
1104 636
106 1383
139 1374
85 1387
1363 517
150 1375
366 1064
338 1111
423 1042
521 947
1091 644
1100 638
140 1370
107 1378
572 930
151 1371
1361 512
373 1058
82 1382
520 943
1094 642
646 923
419 1039
569 926
29 1438
108 1373
372 1054
966 619
1359 508
365 1055
329 1112
27 1437
415 1036
623 931
1304 499
78 1376
518 937
109 1369
1357 504
78 1373
517 933
410 1033
400 1054
364 1047
110 1364
1355 500
140 1355
320 1113
371 1044
79 1369
409 1031
370 1042
372 1042
515 927
1353 496
374 1042
111 1359
363 1039
1151 521
81 1362
514 923
391 1050
1351 492
112 1355
378 1044
311 1114
109 1354
1287 483
82 1359
932 617
1080 563
512 917
362 1031
930 614
83 1355
78 1354
1452 469
1148 513
1347 485
360 1029
139 1337
302 1115
646 892
928 611
511 913
407 1013
84 1351
568 896
644 891
1345 481
570 895
297 1116
925 606
509 907
406 1007
1343 477
352 1030
86 1344
293 1117
111 1336
923 603
508 903
87 1341
392 1006
1340 472
288 1118
345 1031
920 598
506 897
138 1319
1338 468
284 1119
954 572
1469 447
113 1326
505 894
1336 464
337 1032
536 882
279 1120
915 591
504 890
404 989
1022 547
1334 460
360 1000
275 1121
503 886
330 1033
403 984
147 1306
390 986
271 1122
913 583
532 873
1331 455
1001 540
575 864
137 1301
501 879
266 1123
1329 451
575 861
322 1034
135 1299
262 1115
262 1124
1327 447
574 856
499 872
1154 461
527 862
315 1035
257 1116
111 1300
1325 443
257 1125
498 869
1001 527
389 970
359 980
573 851
254 1117
109 1298
401 966
114 1297
125 1297
64 1304
148 1288
125 1294
387 968
253 1126
497 865
524 856
116 1295
1322 438
308 1036
63 1301
1230 433
572 846
149 1284
104 1296
400 960
62 1298
248 1127
368 971
903 561
1320 434
522 851
81 1295
495 859
150 1280
370 970
571 841
1227 428
244 1119
378 969
61 1294
244 1128
494 856
300 1037
88 1292
900 557
1318 430
97 1294
37 1301
151 1276
89 1291
27 1306
60 1291
519 845
240 1129
570 835
238 1117
1316 426
492 851
152 1272
1085 469
293 1038
116 1278
235 1116
358 959
517 840
895 551
1221 419
569 830
153 1268
1314 422
58 1284
571 829
392 945
490 846
398 943
1352 406
892 548
1380 400
154 1264
229 1114
568 825
1218 414
514 834
570 824
285 1039
1044 485
89 1276
488 841
1118 441
231 1138
397 938
1310 415
155 1260
886 547
567 820
223 1112
117 1265
884 548
946 506
486 836
156 1256
1308 411
278 1040
933 511
220 1111
81 1268
882 550
510 825
566 815
118 1261
148 1252
90 1267
921 514
225 1145
1212 405
369 937
157 1252
1313 404
1306 407
484 831
943 501
880 553
396 927
119 1258
79 1264
357 939
565 811
1127 423
929 505
508 820
158 1248
270 1041
49 1264
482 827
1209 400
879 557
395 923
1087 439
120 1254
1303 402
77 1260
564 807
211 1108
927 502
220 1151
91 1258
939 495
160 1243
878 561
208 1107
505 814
1301 398
563 803
75 1256
263 1042
262 1034
367 924
92 1254
122 1248
924 497
875 564
380 918
261 1032
162 1239
568 799
936 490
562 799
1299 394
73 1252
880 521
206 1146
1107 418
1203 391
922 494
93 1250
202 1105
123 1244
214 1158
1227 381
257 1042
1073 433
876 569
164 1235
379 913
393 910
561 795
1297 390
71 1248
920 491
933 485
501 805
472 815
1200 386
196 1103
560 791
873 574
95 1243
125 1237
166 1230
567 789
69 1244
209 1164
378 907
1294 385
917 486
249 1045
499 800
193 1102
126 1234
259 1019
874 578
929 479
355 913
559 787
498 798
96 1239
168 1226
872 579
67 1240
123 1231
935 474
1196 380
915 483
377 902
245 1046
1292 381
1307 374
391 898
558 783
204 1170
187 1100
170 1222
913 480
926 474
128 1228
65 1236
464 805
354 906
495 792
125 1226
1290 377
258 1011
1193 375
365 901
98 1232
474 798
184 1099
557 779
181 1110
1130 386
372 897
201 1174
238 1048
130 1224
1321 361
469 797
172 1217
864 505
63 1231
910 475
923 469
1132 384
91 1227
1288 373
99 1228
184 1137
188 1130
353 900
556 775
234 1030
177 1109
1018 440
68 1226
233 1028
198 1178
458 799
908 472
1135 382
174 1213
177 1097
174 1108
132 1219
61 1227
232 1050
251 1004
555 771
859 501
1027 429
1285 368
176 1095
93 1221
101 1222
69 1222
1187 366
906 469
919 463
179 1142
1015 435
351 893
176 1209
170 1107
195 1182
494 779
134 1215
59 1223
228 1051
554 767
453 796
389 881
350 892
1140 379
1025 425
65 1218
167 1106
174 1090
1013 432
165 1202
1447 330
103 1217
71 1217
854 497
223 1044
178 1205
1184 361
450 794
903 464
916 458
1143 377
57 1219
553 763
192 1186
388 877
961 441
175 1147
384 877
136 1210
165 1108
852 496
1281 360
1011 429
221 1053
954 440
499 772
1050 402
231 1014
552 759
135 1206
105 1212
73 1212
173 1084
55 1215
1384 329
1107 373
4 1226
62 1212
189 1190
138 1206
445 791
848 498
172 1151
913 453
1148 374
1189 351
218 1054
1279 356
899 458
22 1216
257 987
357 878
170 1194
1179 355
74 1209
250 987
1019 416
183 1198
502 769
551 755
53 1211
1007 423
230 1009
107 1207
140 1202
475 769
173 1078
1104 368
20 1213
897 455
138 1200
59 1206
213 1056
1153 371
1175 357
222 1009
168 1156
154 1112
439 787
919 442
549 751
76 1204
175 1076
22 1211
51 1207
908 447
507 767
473 766
1016 411
1102 365
548 750
208 1044
389 863
841 503
142 1198
1077 376
900 452
72 1201
256 979
109 1202
1156 369
209 1058
102 1199
1003 417
150 1114
471 763
73 1198
49 1203
56 1200
78 1199
434 784
164 1161
221 1002
512 765
543 752
1099 360
1013 406
181 1073
204 1040
28 1208
836 506
145 1193
205 1060
111 1197
469 760
341 869
905 440
1161 366
143 1191
79 1196
146 1116
74 1194
431 782
1000 412
549 741
228 996
1166 363
540 753
46 1199
1097 357
54 1195
161 1165
249 971
467 757
155 1129
202 1036
147 1189
903 437
145 1188
201 1062
113 1193
389 852
220 995
518 762
831 509
142 1118
34 1205
247 969
81 1191
1095 354
547 737
1009 400
156 1180
76 1189
42 1201
426 780
465 754
1338 313
188 1069
535 755
108 1188
195 1057
154 1179
157 1170
152 1134
51 1189
138 1120
148 1183
1311 317
116 1188
550 732
463 751
545 733
77 1185
524 760
242 967
83 1186
219 988
1367 303
200 1028
531 757
1092 349
1006 395
25 1191
898 430
340 855
824 514
153 1173
134 1122
226 983
543 729
900 428
1090 346
199 1024
48 1183
1440 292
113 1180
86 1182
148 1140
147 1175
416 778
459 745
1003 390
255 955
307 893
121 1181
218 981
235 965
903 426
1088 343
541 725
819 517
115 1177
198 1020
146 1143
821 471
988 394
1000 387
127 1126
45 1177
225 975
1091 340
117 1174
141 1172
388 833
137 1141
191 1019
539 721
990 392
124 1176
455 739
814 520
196 1015
217 974
339 842
866 431
143 1148
909 422
981 390
355 838
254 947
996 389
123 1128
1461 281
224 971
135 1144
190 1015
1196 302
120 1169
404 776
452 735
42 1171
912 420
536 716
95 1172
135 1169
1097 336
387 826
540 713
119 1130
189 1011
454 733
1194 299
1016 365
42 1168
216 967
132 1149
129 1169
139 1154
987 382
97 1169
807 525
1100 334
534 712
194 1006
136 1160
976 383
188 1008
398 775
115 1132
1192 296
95 1165
386 820
45 1165
918 416
221 961
193 1003
129 1153
459 730
532 708
187 1004
536 706
973 380
841 431
354 825
338 828
126 1160
215 960
802 528
111 1135
392 774
1107 329
385 814
218 956
186 1000
530 704
51 1162
969 382
464 727
212 957
924 412
106 1134
218 954
838 426
797 531
533 700
1109 326
191 995
1148 304
122 1148
1059 326
386 774
445 718
927 410
528 700
107 1158
385 773
115 1142
1137 309
102 1136
385 776
384 807
1113 325
216 949
57 1159
184 993
190 991
253 923
447 716
835 421
1283 283
206 953
231 926
113 1146
471 723
116 1148
962 387
526 696
530 694
1134 307
337 814
110 1154
1116 323
98 1138
450 714
790 536
183 989
189 987
833 418
203 951
1132 312
933 406
1281 279
383 801
89 1115
523 693
63 1156
1473 250
476 720
957 390
94 1140
527 689
252 915
1034 324
385 786
87 1112
187 982
1279 275
785 539
528 687
1077 303
265 894
519 695
379 786
456 710
181 982
829 412
1029 324
197 947
382 795
1123 318
939 402
90 1142
69 1153
1041 315
523 684
1277 271
261 895
180 979
520 685
459 708
483 716
942 400
780 542
336 801
84 1106
531 682
193 945
950 395
514 698
86 1144
826 407
258 896
430 702
353 796
185 973
1275 267
1174 266
799 423
484 709
517 680
1127 289
246 903
178 973
366 787
824 404
82 1146
352 793
251 902
188 946
428 699
488 713
76 1149
535 678
465 704
1004 326
184 970
254 898
951 355
509 701
81 1100
1273 263
252 889
519 675
363 788
1003 324
773 547
1174 261
355 791
426 696
515 676
1287 256
361 758
822 400
251 887
1002 322
183 947
505 703
493 710
947 352
176 967
1271 259
411 700
517 671
769 549
541 674
471 700
512 673
78 1094
182 962
358 754
175 964
819 396
179 948
423 691
519 669
341 784
1175 254
418 692
178 949
494 703
1269 255
943 349
498 701
544 672
474 698
176 942
421 688
181 958
522 667
507 676
75 1089
790 410
175 940
413 690
406 693
22 1116
1267 251
173 958
2 1117
939 346
762 554
354 748
1176 248
815 390
419 685
246 875
788 407
29 1112
550 668
480 694
173 935
1265 247
72 1083
528 663
935 343
403 688
351 744
786 404
1180 244
757 557
812 385
416 680
500 681
332 775
555 665
1359 219
784 401
1262 242
414 677
810 382
486 690
931 340
171 929
245 866
508 654
533 660
69 1077
558 663
495 684
347 738
782 398
934 333
1186 240
751 561
808 379
489 688
398 681
927 340
1260 238
249 860
169 924
738 541
411 672
345 735
1189 238
1059 262
779 394
539 656
321 776
1258 234
503 647
746 564
244 857
564 659
409 669
805 374
395 676
65 1070
921 343
167 919
342 731
777 391
564 655
407 666
1256 230
160 920
544 653
1195 234
775 388
159 919
1174 223
977 294
1066 251
239 852
62 1064
570 655
916 346
801 368
165 913
569 652
547 651
498 640
1254 226
739 569
311 777
390 669
338 725
773 385
404 661
1199 231
155 922
804 365
1252 222
735 571
234 848
59 1058
910 349
335 721
576 651
1135 226
725 557
387 664
553 647
400 655
170 906
493 633
1471 184
1205 227
1250 218
768 378
939 301
580 650
810 361
301 778
578 646
229 844
491 630
56 1052
1208 225
582 651
1480 180
901 344
577 644
558 644
331 715
728 576
1123 224
1248 214
903 353
397 650
1298 197
173 901
382 657
1428 178
54 1049
584 654
561 642
329 712
764 372
165 896
488 626
816 357
224 840
1246 210
56 1047
574 639
480 629
723 579
1214 221
588 645
394 645
807 348
172 894
486 623
291 779
379 652
1003 254
326 708
576 635
721 581
59 1045
478 626
1244 206
820 354
178 894
220 837
571 636
591 643
567 638
588 661
484 620
578 633
218 836
759 365
760 363
591 637
63 1043
1241 203
594 641
390 639
1442 166
219 831
1221 216
475 621
581 631
181 889
374 646
322 702
757 362
481 616
48 1037
65 1041
1031 231
826 350
597 639
726 588
281 780
214 840
591 667
220 828
793 337
755 359
1236 206
479 613
387 634
370 648
884 321
829 348
472 616
728 592
1227 212
587 627
599 632
45 1031
594 672
71 1037
186 882
317 695
476 609
210 846
224 822
205 835
604 634
879 324
590 625
123 941
383 628
364 652
74 1035
315 692
750 352
474 606
601 673
208 849
604 629
42 1026
836 343
467 609
226 818
368 633
189 877
680 541
597 678
733 599
879 306
582 613
685 561
360 654
29 1030
380 623
610 630
79 1032
471 602
596 621
747 347
678 538
708 603
609 626
735 603
464 604
204 855
600 683
842 339
310 685
82 1030
38 1019
469 599
147 868
1362 149
870 331
363 626
582 606
354 658
312 683
675 533
845 337
610 666
376 617
616 626
614 623
232 809
602 617
867 333
1086 193
752 334
229 806
466 595
16 1027
603 689
315 681
200 861
580 602
350 660
35 1013
197 866
186 860
88 1026
459 597
605 615
360 621
234 805
305 678
620 623
615 683
615 663
741 612
373 612
1480 133
347 662
851 333
33 1010
252 764
665 533
886 275
739 336
620 619
91 1024
463 590
671 526
107 956
250 781
320 678
610 692
251 762
456 592
35 1008
1421 131
607 695
90 1018
956 231
302 673
611 611
744 617
624 617
238 799
626 619
736 332
247 784
342 665
369 606
1319 139
668 521
609 698
574 593
325 675
292 676
94 1016
97 1020
459 584
759 313
354 612
734 330
659 559
623 657
40 1005
629 617
100 960
230 790
666 518
241 794
298 667
290 673
895 255
451 585
617 607
244 789
337 668
748 623
366 601
904 249
750 314
571 588
330 672
232 787
456 579
627 654
351 607
613 704
331 662
103 1016
620 605
1465 117
633 611
658 577
129 849
663 513
635 613
726 331
47 1001
287 668
295 662
448 580
454 576
93 964
751 628
758 302
103 1011
646 534
130 847
637 612
568 583
362 595
689 629
632 651
1174 141
604 584
797 287
637 609
293 659
580 577
108 1013
452 573
617 710
660 508
603 582
626 601
107 1009
638 607
1136 144
346 600
642 536
284 663
640 615
644 561
582 575
1039 170
291 656
111 1011
718 332
602 580
619 713
359 590
54 997
1050 166
86 968
450 569
564 577
443 573
111 1007
642 558
585 573
657 503
114 1009
631 598
343 595
1401 107
357 587
122 838
450 565
640 645
636 540
280 657
644 621
288 651
640 555
115 1005
251 733
561 572
710 333
61 993
597 573
79 972
654 498
646 624
340 590
902 225
591 569
354 582
644 642
632 543
1012 168
222 746
120 1005
451 559
119 832
277 652
284 645
558 567
636 549
352 579
251 726
123 1003
122 1001
651 493
717 659
649 639
702 334
650 630
282 642
68 989
455 555
72 976
350 576
116 827
626 565
335 583
1107 133
147 829
126 999
272 646
757 272
143 824
554 561
128 1000
70 973
347 571
113 822
647 486
332 578
694 335
1123 120
151 824
950 182
211 737
1074 138
677 657
462 550
551 556
267 641
67 968
465 548
644 481
104 821
110 816
343 565
103 820
208 732
687 336
548 551
327 572
344 563
1408 77
469 545
206 729
1083 126
641 476
710 284
107 811
158 816
1348 80
269 627
323 574
682 339
204 726
674 710
544 545
793 243
877 204
933 174
638 471
319 576
475 541
104 806
678 711
93 830
541 540
200 720
1407 65
315 578
675 344
676 308
253 627
1325 73
479 538
635 466
330 553
1082 113
1090 109
770 239
556 530
683 712
688 701
100 799
1440 59
694 277
1009 126
538 535
252 689
248 628
310 581
670 347
632 461
553 526
258 615
196 714
327 548
247 629
688 713
84 833
486 533
306 583
194 711
97 793
1427 53
693 712
829 217
258 610
1359 57
693 714
534 529
84 840
629 456
489 531
324 543
249 635
302 585
663 352
261 607
697 715
94 788
250 638
297 580
190 705
1270 66
1451 45
531 524
626 451
321 538
294 574
234 625
297 588
1065 97
188 702
702 716
91 783
651 316
497 525
267 604
252 644
1166 68
307 541
656 357
230 627
528 519
623 446
318 533
76 849
293 590
707 717
501 522
184 696
225 625
749 217
304 536
651 360
289 592
225 630
315 528
87 776
1009 99
274 600
250 592
524 513
248 654
619 439
505 519
593 459
575 483
24 907
313 525
866 165
221 632
284 595
746 211
180 690
300 530
521 509
1470 26
83 770
644 365
520 508
67 859
616 434
510 515
178 687
310 520
1265 44
215 636
743 205
297 525
640 368
516 511
613 429
77 766
79 764
972 98
307 515
741 202
523 497
211 638
174 681
571 464
294 520
77 761
635 371
1369 19
232 581
856 153
610 424
172 678
298 514
304 510
58 869
221 587
206 641
693 220
738 196
74 757
164 679
511 494
392 515
853 149
607 419
1085 52
202 643
229 575
72 754
628 376
301 505
168 672
162 676
288 511
509 490
735 190
1 884
1335 11
160 673
1012 66
604 414
398 511
226 570
1247 26
623 379
298 500
1081 46
44 885
50 878
196 647
962 82
68 748
615 367
285 506
164 666
732 185
158 670
60 752
401 509
22 821
505 484
1159 25
601 409
166 664
734 183
845 139
711 191
156 668
192 649
223 565
22 839
295 495
594 411
557 445
9 872
282 501
503 480
210 571
737 181
293 492
407 505
63 741
615 385
183 641
598 404
151 670
676 206
171 661
1112 25
187 652
208 568
219 558
61 738
596 320
147 672
411 502
499 474
206 565
277 495
743 177
183 654
290 487
157 654
610 388
595 399
637 228
59 735
550 437
837 129
509 465
674 198
176 645
204 562
746 175
143 674
155 651
592 352
497 470
149 655
598 396
655 208
590 313
57 732
215 551
287 482
507 462
533 451
417 498
570 409
202 559
153 648
1244 2
139 676
569 408
546 431
505 459
146 650
420 496
200 556
752 171
652 203
493 464
284 477
544 428
830 121
565 410
134 678
52 725
581 344
211 544
829 120
144 646
198 553
950 56
282 474
502 454
491 460
527 443
148 641
542 425
54 723
52 722
426 492
593 260
196 550
211 540
758 167
130 680
284 472
648 197
1034 25
544 423
500 451
824 123
559 414
257 493
57 721
524 439
990 33
1020 25
925 60
140 640
761 165
287 470
502 449
212 536
430 489
547 421
126 682
487 454
144 635
122 672
522 437
645 192
502 446
14 743
253 495
505 447
485 452
554 417
191 543
122 684
213 531
120 669
63 717
275 464
43 714
264 470
518 439
817 128
767 161
293 466
953 38
136 633
436 485
189 540
42 712
248 498
118 666
510 444
214 527
480 455
118 686
139 628
770 159
296 464
439 483
272 459
187 537
261 465
134 629
812 131
69 713
141 626
639 183
243 501
215 522
270 456
114 690
38 706
72 711
823 94
477 441
115 692
776 155
258 460
131 624
302 460
473 460
113 658
216 518
445 479
146 623
268 453
636 178
183 531
238 504
805 136
35 701
134 617
77 708
219 515
180 528
118 697
449 476
798 125
128 619
468 463
151 620
265 448
234 506
33 698
782 151
254 454
308 456
109 652
80 706
632 172
229 493
800 139
483 426
189 516
131 612
126 615
176 531
543 375
73 695
224 512
785 149
252 451
311 454
100 693
107 649
227 490
543 347
156 617
177 521
455 472
970 6
541 373
704 124
72 692
261 442
629 167
29 692
480 421
86 702
250 447
186 511
225 487
124 706
95 696
175 517
31 690
104 644
122 609
793 144
537 375
317 450
127 605
170 536
161 614
89 700
465 425
69 687
258 437
34 688
102 641
477 416
183 506
656 140
222 482
320 448
167 538
120 605
127 711
163 608
163 535
532 378
166 611
171 511
475 413
623 158
220 479
317 439
66 682
839 56
244 438
123 598
254 431
180 501
477 411
117 600
40 684
98 635
316 436
169 507
326 444
158 538
171 608
526 305
242 434
620 153
22 677
217 474
526 382
622 151
63 677
43 682
120 593
115 596
251 426
171 603
177 496
133 720
10 682
482 408
455 415
524 302
787 78
95 630
125 725
20 674
909 9
157 546
884 21
153 541
522 384
312 430
165 501
332 440
60 673
249 423
175 493
214 469
522 299
93 627
59 672
453 411
49 678
136 725
150 543
487 405
111 590
335 438
310 426
247 420
615 145
116 586
17 669
153 550
91 624
129 731
236 425
162 496
173 594
55 674
172 488
148 540
211 464
516 388
168 490
450 406
698 94
518 293
131 734
492 402
174 591
244 415
170 485
14 664
146 537
209 461
341 434
88 619
306 420
233 420
512 390
107 583
159 491
448 402
112 579
610 138
109 580
142 734
515 288
344 432
497 399
139 549
340 425
304 416
135 740
105 579
167 480
11 659
143 532
206 456
806 43
240 409
230 415
79 618
608 134
156 486
513 285
161 561
109 574
84 613
506 394
168 583
137 743
444 396
145 739
141 529
344 423
102 576
787 49
111 572
77 614
164 475
8 654
154 482
350 428
82 610
203 451
133 552
237 404
139 746
164 565
136 559
442 392
226 409
620 117
509 279
138 524
201 448
603 127
97 579
141 749
298 407
74 609
161 470
117 569
102 567
5 649
355 425
79 605
132 561
783 43
163 576
224 405
127 555
150 476
45 646
439 387
233 398
601 123
296 403
159 467
358 423
77 602
198 443
128 563
505 273
134 518
355 416
43 643
71 604
148 472
790 32
2 644
780 38
236 396
437 383
123 566
503 272
444 378
90 584
710 63
122 558
75 599
98 560
126 520
41 640
305 393
156 462
195 438
481 324
68 600
502 268
292 397
364 419
131 513
73 596
596 116
241 394
187 441
777 33
67 599
361 413
218 396
479 332
303 390
85 587
144 466
122 522
193 435
433 377
95 555
500 265
129 510
290 393
76 593
153 457
185 437
37 634
63 601
431 375
593 111
493 266
599 106
774 28
498 262
215 391
370 415
300 385
141 461
117 525
190 430
367 409
126 505
59 603
427 377
150 452
373 413
182 432
91 548
34 629
286 387
590 106
233 377
371 407
495 257
212 386
297 380
138 456
148 449
112 528
770 22
434 363
738 43
55 605
638 72
32 626
186 424
729 42
141 451
122 499
236 374
179 427
88 543
76 552
283 382
379 409
136 452
30 623
768 18
420 382
294 375
51 607
739 38
145 444
90 541
107 531
377 403
491 251
208 380
183 419
25 623
382 407
92 540
28 620
292 372
119 494
176 422
584 97
280 377
104 533
489 248
740 34
381 401
206 376
415 385
46 610
30 618
413 382
132 446
243 369
142 439
21 625
117 491
180 414
174 418
97 537
289 367
581 92
741 29
388 403
277 372
246 367
42 612
762 9
130 442
408 385
485 242
626 60
633 56
139 434
387 397
36 615
114 486
704 27
177 409
15 629
448 304
760 5
211 362
286 362
742 24
250 364
170 412
274 367
200 367
81 526
413 351
105 488
391 395
394 399
403 388
482 237
405 392
136 429
284 359
199 365
111 481
743 20
174 404
168 408
79 523
10 632
612 59
411 348
575 83
397 397
480 234
124 433
271 362
102 483
109 478
396 392
207 355
172 401
77 520
257 359
281 354
744 15
6 634
478 231
132 423
195 359
408 343
122 429
572 78
439 280
579 72
600 58
268 357
99 478
106 473
169 396
745 10
74 515
278 349
263 355
203 348
129 418
192 354
405 338
104 470
474 225
167 393
118 423
746 6
276 346
568 72
96 473
201 345
71 510
160 395
264 348
126 413
189 349
116 419
101 465
471 220
164 388
69 507
750 2
401 332
273 341
263 345
93 468
564 66
157 390
469 217
3 590
197 338
123 408
161 383
66 502
398 327
112 413
97 459
270 336
467 214
155 386
408 320
90 463
561 62
560 61
183 341
258 338
159 380
194 333
95 456
120 403
110 409
63 497
267 331
464 209
152 381
556 63
118 400
86 457
255 333
156 375
191 328
92 451
392 318
60 492
106 403
264 326
149 376
24 523
84 453
90 448
115 395
460 203
550 67
252 328
153 370
175 331
104 399
147 372
389 313
113 392
458 200
415 247
57 487
187 321
261 321
81 448
151 367
87 443
545 70
259 318
110 387
170 325
247 321
184 316
100 393
143 366
385 307
454 194
53 481
84 438
540 73
392 283
146 359
98 389
167 321
141 362
107 382
75 439
244 316
181 311
382 302
451 189
50 476
535 76
533 49
80 432
73 435
143 354
138 357
104 377
170 311
241 311
94 383
47 471
251 305
435 192
378 296
447 183
177 304
141 351
77 427
102 374
161 313
397 235
529 80
92 379
135 352
69 429
75 424
248 300
44 466
444 178
174 299
138 346
385 250
236 304
99 369
519 53
524 83
132 347
387 239
66 424
442 175
136 343
88 373
72 419
245 295
41 461
154 305
171 294
233 299
96 364
153 304
519 86
563 1
243 292
86 369
39 458
129 342
63 419
556 3
133 338
438 169
68 413
149 306
168 289
230 294
93 359
127 338
235 290
514 89
240 287
36 453
170 287
60 414
130 333
82 363
91 356
65 408
144 309
434 163
237 282
80 359
33 448
123 332
175 284
508 93
225 287
63 405
57 409
127 328
162 281
88 351
364 241
139 312
31 445
431 158
235 278
121 328
125 325
504 95
384 200
391 191
86 348
180 281
222 282
60 400
404 175
16 450
159 276
75 353
135 314
156 277
53 403
123 322
118 325
28 440
89 345
183 279
235 272
427 152
125 320
219 277
57 395
51 399
70 355
156 271
238 269
113 328
25 435
188 276
495 101
55 392
2 448
66 357
350 235
423 146
96 340
23 432
153 266
47 393
480 73
121 295
214 270
425 144
244 265
490 104
99 338
52 387
62 359
194 273
20 427
105 334
428 142
102 325
247 263
50 384
44 388
211 266
149 260
58 361
485 107
210 265
200 270
17 422
433 139
54 363
421 133
47 379
41 383
206 267
146 255
253 259
480 110
15 419
436 137
50 365
94 313
144 252
207 256
38 378
43 373
476 7
230 243
259 255
12 414
46 367
441 134
467 100
474 114
468 103
35 375
141 247
41 370
204 251
262 253
456 78
470 116
9 409
446 131
31 377
138 242
201 246
267 250
7 406
27 379
324 213
368 149
451 128
270 248
135 237
4 401
454 126
320 215
197 240
461 122
273 246
133 234
20 383
194 235
0 395
130 229
279 242
313 220
15 386
310 213
2 393
282 240
191 230
414 98
338 157
11 388
212 217
308 223
442 5
126 223
214 215
107 231
288 236
187 224
425 51
71 272
217 213
123 218
291 234
301 228
184 219
337 138
120 213
223 209
313 164
181 214
226 207
117 208
29 285
310 159
189 202
177 208
70 238
232 203
113 202
41 271
307 154
403 54
198 191
174 203
351 99
358 93
110 197
238 199
304 149
108 194
241 197
94 202
171 198
281 176
301 144
367 76
312 123
105 189
247 193
167 192
298 139
308 125
61 216
270 178
250 191
102 184
348 78
164 187
295 134
315 104
265 181
99 179
297 132
256 187
161 182
42 224
97 176
276 144
333 75
158 177
229 158
94 171
273 130
154 171
258 152
90 165
241 154
151 166
213 143
87 160
148 161
84 155
43 178
144 155
81 150
331 41
141 150
77 144
138 145
186 122
274 77
74 139
72 136
135 140
74 134
79 131
129 131
154 115
19 157
84 128
235 97
302 25
86 126
126 126
72 118
256 64
197 95
176 98
123 121
94 122
119 115
99 119
60 103
116 111
186 80
115 110
104 116
212 76
284 6
111 112
169 75
229 46
151 72
202 60
213 42
69 70
206 40
70 63
22 69
97 56
94 48
203 1
16 48
77 31
7 33
