51 8 51 8 51 8 51 8 51 8 51 8 51 8 51 8 51 8 51 8 51 8 51 8 51 8 51 8 51 8 51 8 51 8 51 8 51 8 51 8 51 8 51 8 51 8 51 8 51 8 51 8 51 8 51 8 51 8 70 15 70 15 70 15 70 15 70 15 70 15 70 15 70 15 70 15 70 15 70 15 70 15 70 15 70 15 70 15 70 15 70 15 70 15 70 15 70 15 70 15 70 15 70 15 70 15 70 15 70 15 70 15 70 15 70 15 70 15 70 15 70 15 70 15 70 15 70 15 70 15 70 15 70 15 70 15 70 15 70 15 70 15 70 15 70 15 70 15 70 15 70 15 70 15 70 15 70 15 70 15 
51 8 51 8 51 8 51 8 51 8 51 8 51 8 51 8 51 8 51 8 51 8 51 8 51 8 51 8 51 8 51 8 51 8 51 8 51 8 51 8 51 8 51 8 51 8 51 8 51 8 51 8 51 8 51 8 51 8 51 8 51 8 51 8 70 15 70 15 70 15 70 15 70 15 70 15 70 15 70 15 70 15 70 15 70 15 70 15 70 15 70 15 70 15 70 15 70 15 70 15 70 15 70 15 70 15 70 15 70 15 70 15 70 15 70 15 70 15 70 15 70 15 70 15 70 15 70 15 70 15 70 15 70 15 70 15 70 15 70 15 70 15 70 15 70 15 70 15 70 15 70 15 70 15 70 15 70 15 70 15 
51 8 51 8 51 8 51 8 51 8 51 8 51 8 51 8 51 8 51 8 51 8 51 8 51 8 51 8 51 8 51 8 51 8 51 8 51 8 51 8 51 8 51 8 51 8 51 8 51 8 51 8 51 8 51 8 51 8 51 8 51 8 51 8 51 8 51 8 70 15 70 15 70 15 70 15 70 15 70 15 70 15 70 15 70 15 70 15 70 15 70 15 70 15 70 15 70 15 70 15 70 15 70 15 70 15 70 15 70 15 70 15 70 15 70 15 70 15 70 15 70 15 70 15 70 15 70 15 70 15 70 15 70 15 70 15 70 15 70 15 70 15 70 15 70 15 70 15 70 15 70 15 70 15 70 15 70 15 70 15 
51 8 51 8 51 8 51 8 51 8 51 8 51 8 51 8 51 8 51 8 51 8 51 8 51 8 51 8 51 8 51 8 51 8 51 8 51 8 51 8 51 8 51 8 51 8 51 8 51 8 51 8 51 8 51 8 51 8 51 8 51 8 51 8 51 8 51 8 51 8 51 8 51 8 70 15 70 15 70 15 70 15 70 15 70 15 70 15 70 15 70 15 70 15 70 15 70 15 70 15 70 15 70 15 70 15 70 15 70 15 70 15 70 15 70 15 70 15 70 15 70 15 70 15 70 15 70 15 70 15 70 15 70 15 70 15 70 15 70 15 70 15 70 15 70 15 70 15 70 15 70 15 70 15 70 15 70 15 70 15 
51 8 51 8 51 8 51 8 51 8 51 8 51 8 51 8 51 8 51 8 51 8 51 8 51 8 51 8 51 8 51 8 51 8 51 8 51 8 51 8 51 8 51 8 51 8 51 8 51 8 51 8 51 8 51 8 51 8 51 8 51 8 51 8 51 8 51 8 51 8 51 8 51 8 51 8 51 8 51 8 70 15 70 15 70 15 70 15 70 15 70 15 70 15 70 15 70 15 70 15 70 15 70 15 70 15 70 15 70 15 70 15 70 15 70 15 70 15 70 15 70 15 70 15 70 15 70 15 70 15 70 15 70 15 70 15 70 15 70 15 70 15 70 15 70 15 70 15 70 15 70 15 70 15 70 15 70 15 70 15 
51 8 51 8 51 8 51 8 51 8 51 8 51 8 51 8 51 8 51 8 51 8 51 8 51 8 51 8 51 8 51 8 51 8 51 8 51 8 51 8 51 8 51 8 51 8 51 8 51 8 51 8 51 8 51 8 51 8 51 8 51 8 51 8 51 8 51 8 51 8 51 8 51 8 51 8 51 8 51 8 51 8 51 8 51 8 70 15 70 15 70 15 70 15 70 15 70 15 70 15 70 15 70 15 70 15 70 15 70 15 70 15 70 15 70 15 70 15 70 15 70 15 70 15 70 15 70 15 70 15 70 15 70 15 70 15 70 15 70 15 70 15 70 15 70 15 70 15 70 15 70 15 70 15 70 15 70 15 70 15 
51 8 51 8 51 8 51 8 51 8 51 8 51 8 51 8 51 8 51 8 51 8 51 8 51 8 51 8 51 8 51 8 51 8 51 8 51 8 51 8 51 8 51 8 51 8 51 8 51 8 51 8 51 8 51 8 51 8 51 8 51 8 51 8 51 8 51 8 51 8 51 8 51 8 51 8 51 8 51 8 51 8 51 8 51 8 51 8 51 8 70 15 70 15 70 15 70 15 70 15 70 15 70 15 70 15 70 15 70 15 70 15 70 15 70 15 70 15 70 15 70 15 70 15 70 15 70 15 70 15 70 15 70 15 70 15 70 15 70 15 70 15 70 15 70 15 70 15 70 15 70 15 70 15 70 15 70 15 70 15 
30 15 30 15 30 15 30 15 30 15 30 15 51 8 51 8 51 8 51 8 51 8 51 8 51 8 51 8 51 8 51 8 51 8 51 8 51 8 51 8 51 8 51 8 51 8 51 8 51 8 51 8 51 8 51 8 51 8 51 8 51 8 51 8 51 8 51 8 51 8 51 8 51 8 51 8 51 8 51 8 51 8 51 8 51 8 51 8 51 8 51 8 51 8 51 8 70 15 70 15 70 15 70 15 70 15 70 15 70 15 70 15 70 15 70 15 70 15 70 15 70 15 70 15 70 15 70 15 70 15 70 15 70 15 70 15 70 15 70 15 70 15 70 15 70 15 70 15 70 15 70 15 70 15 70 15 70 15 70 15 
30 15 30 15 30 15 30 15 30 15 30 15 30 15 30 15 30 15 30 15 30 15 51 8 51 8 51 8 51 8 51 8 51 8 51 8 51 8 51 8 51 8 51 8 51 8 51 8 51 8 51 8 51 8 51 8 51 8 51 8 51 8 51 8 51 8 51 8 51 8 51 8 51 8 51 8 51 8 51 8 51 8 51 8 51 8 51 8 51 8 51 8 51 8 51 8 51 8 51 8 51 8 70 15 70 15 70 15 70 15 70 15 70 15 70 15 70 15 70 15 70 15 70 15 70 15 70 15 70 15 70 15 70 15 70 15 70 15 70 15 70 15 70 15 70 15 70 15 70 15 70 15 70 15 70 15 70 15 70 15 
30 15 30 15 30 15 30 15 30 15 30 15 30 15 30 15 30 15 30 15 30 15 30 15 30 15 30 15 30 15 30 15 30 15 30 8 30 8 30 8 30 8 30 8 30 8 30 8 30 8 30 8 30 8 30 8 30 8 30 8 51 8 51 8 51 8 51 8 51 8 51 8 51 8 51 8 51 8 51 8 51 8 51 8 51 8 51 8 51 8 51 8 51 8 51 8 51 8 51 8 70 15 70 15 70 15 70 15 70 15 70 15 70 15 70 15 70 15 70 15 70 15 70 15 70 15 70 15 70 15 70 15 70 15 70 15 70 15 70 15 70 15 70 15 70 15 70 15 70 15 70 15 70 15 70 15 70 15 70 15 
30 15 30 15 30 15 30 15 30 15 30 15 30 15 30 15 30 15 30 15 30 15 30 15 30 15 30 15 30 15 30 15 30 15 30 15 30 15 30 15 30 15 30 15 30 15 30 8 30 8 30 8 30 8 30 8 30 8 30 8 30 8 51 15 51 15 51 15 51 15 51 15 51 15 51 15 51 15 51 15 51 15 51 15 51 15 51 15 51 15 51 15 51 15 51 15 50 13 50 13 50 13 50 13 70 15 70 15 70 15 70 15 70 15 70 15 70 15 70 15 70 15 70 15 70 15 70 15 70 15 70 15 70 15 70 15 70 15 70 15 70 15 70 15 70 15 70 15 70 15 70 15 70 15 70 15 70 15 70 15 
30 15 30 15 30 15 30 15 30 15 30 15 30 15 30 15 30 15 30 15 30 15 30 15 30 15 30 15 30 15 30 15 30 15 30 15 30 15 30 15 30 15 30 15 30 15 30 15 30 15 30 15 30 15 30 15 29 13 29 13 29 13 51 15 51 15 51 15 51 15 51 15 51 15 51 15 51 15 51 15 51 15 51 15 51 15 51 15 51 15 51 15 51 15 51 15 51 15 50 13 50 13 50 13 70 15 70 15 70 15 70 15 70 15 70 15 70 15 70 15 70 15 70 15 70 15 70 15 70 15 70 15 70 15 70 15 70 15 70 15 70 15 70 15 70 15 70 15 70 15 70 15 70 15 70 15 70 15 70 15 
30 15 30 15 30 15 30 15 30 15 30 15 30 15 30 15 30 15 30 15 30 15 30 15 30 15 30 15 30 15 30 15 30 15 30 15 30 15 30 15 30 15 30 15 30 15 30 15 30 15 30 15 30 15 30 15 30 15 29 13 30 15 51 15 51 15 51 15 51 15 51 15 51 15 51 15 51 15 51 15 51 15 51 15 51 15 51 15 51 15 51 15 51 15 51 15 51 15 51 15 50 13 51 15 70 15 70 15 70 15 70 15 70 15 70 15 70 15 70 15 70 15 70 15 70 15 70 15 70 15 70 15 70 15 70 15 70 15 70 15 70 15 70 15 70 15 70 15 70 15 70 15 70 15 70 15 70 15 70 15 
30 15 30 15 30 15 30 15 30 15 30 15 30 15 30 15 30 15 30 15 30 15 30 15 30 15 30 15 30 15 30 15 30 15 30 15 30 15 30 15 30 15 30 15 30 15 30 15 30 15 30 15 30 15 30 15 30 15 30 15 30 15 70 15 51 15 51 15 51 15 51 15 51 15 51 15 51 15 51 15 51 15 51 15 51 15 51 15 51 15 51 15 51 15 51 15 51 15 51 15 51 15 51 15 70 15 70 15 70 15 70 15 70 15 70 15 70 15 70 15 70 15 70 15 70 15 70 15 70 15 70 15 70 15 70 15 70 15 70 15 70 15 70 15 70 15 70 15 70 15 70 15 70 15 70 15 70 15 70 15 
30 15 30 15 30 15 30 15 30 15 30 15 30 15 30 15 30 15 30 15 30 15 30 15 30 15 30 15 30 15 30 15 30 15 30 15 30 15 30 15 30 15 30 15 30 15 30 15 30 15 30 15 30 15 30 15 30 15 30 15 70 15 70 15 70 15 51 15 51 15 51 15 51 15 51 15 51 15 51 15 51 15 51 15 51 15 51 15 51 15 51 15 51 15 51 15 51 15 51 15 51 15 70 15 70 15 70 15 70 15 70 15 70 15 70 15 70 15 70 15 70 15 70 15 70 15 70 15 70 15 70 15 70 15 70 15 70 15 70 15 70 15 70 15 70 15 70 15 70 15 70 15 70 15 70 15 70 15 70 15 
70 15 70 15 70 15 70 15 70 15 70 15 70 15 70 15 70 15 70 15 70 15 70 15 70 15 70 15 70 15 70 15 70 15 70 15 70 15 70 15 70 15 70 15 70 15 70 15 70 15 70 15 70 15 70 15 70 15 70 15 70 15 70 15 70 15 70 15 70 15 70 15 70 15 70 15 70 15 70 15 70 15 70 15 70 15 70 15 70 15 70 15 70 15 70 15 70 15 70 15 70 15 70 15 70 15 70 15 70 15 70 15 70 15 70 15 70 15 70 15 70 15 70 15 70 15 70 15 70 15 70 15 70 15 70 15 70 15 70 15 70 15 70 15 70 15 70 15 70 15 70 15 70 15 70 15 70 15 70 15 
30 15 30 15 30 15 30 15 30 15 30 15 30 15 30 15 30 15 30 15 30 15 30 15 30 15 30 15 30 15 30 15 30 15 30 15 30 15 30 15 30 15 30 15 30 15 30 15 30 15 30 15 30 15 30 15 30 15 30 15 70 15 70 15 70 15 51 15 51 15 51 15 51 15 51 15 51 15 51 15 51 15 51 15 51 15 51 15 51 15 51 15 51 15 51 15 51 15 51 15 51 15 70 15 70 15 70 15 70 15 70 15 70 15 70 15 70 15 70 15 70 15 70 15 70 15 70 15 70 15 70 15 70 15 70 15 70 15 70 15 70 15 70 15 70 15 70 15 70 15 70 15 70 15 70 15 70 15 70 15 
30 15 30 15 30 15 30 15 30 15 30 15 30 15 30 15 30 15 30 15 30 15 30 15 30 15 30 15 30 15 30 15 30 15 30 15 30 15 30 15 30 15 30 15 30 15 30 15 30 15 30 15 30 15 30 15 30 15 30 15 30 15 70 15 51 15 51 15 51 15 51 15 51 15 51 15 51 15 51 15 51 15 51 15 51 15 51 15 51 15 51 15 51 15 51 15 51 15 51 15 51 15 51 15 70 15 70 15 70 15 70 15 70 15 70 15 70 15 70 15 70 15 70 15 70 15 70 15 70 15 70 15 70 15 70 15 70 15 70 15 70 15 70 15 70 15 70 15 70 15 70 15 70 15 70 15 70 15 70 15 
30 15 30 15 30 15 30 15 30 15 30 15 30 15 30 15 30 15 30 15 30 15 30 15 30 15 30 15 30 15 30 15 30 15 30 15 30 15 30 15 30 15 30 15 30 15 30 15 30 15 30 15 30 15 30 15 30 15 29 17 30 15 51 15 51 15 51 15 51 15 51 15 51 15 51 15 51 15 51 15 51 15 51 15 51 15 51 15 51 15 51 15 51 15 51 15 51 15 51 15 50 17 51 15 70 15 70 15 70 15 70 15 70 15 70 15 70 15 70 15 70 15 70 15 70 15 70 15 70 15 70 15 70 15 70 15 70 15 70 15 70 15 70 15 70 15 70 15 70 15 70 15 70 15 70 15 70 15 70 15 
30 15 30 15 30 15 30 15 30 15 30 15 30 15 30 15 30 15 30 15 30 15 30 15 30 15 30 15 30 15 30 15 30 15 30 15 30 15 30 15 30 15 30 15 30 15 30 15 30 15 30 15 30 15 30 15 29 17 29 17 29 17 51 15 51 15 51 15 51 15 51 15 51 15 51 15 51 15 51 15 51 15 51 15 51 15 51 15 51 15 51 15 51 15 51 15 51 15 50 17 50 17 50 17 70 15 70 15 70 15 70 15 70 15 70 15 70 15 70 15 70 15 70 15 70 15 70 15 70 15 70 15 70 15 70 15 70 15 70 15 70 15 70 15 70 15 70 15 70 15 70 15 70 15 70 15 70 15 70 15 
30 15 30 15 30 15 30 15 30 15 30 15 30 15 30 15 30 15 30 15 30 15 30 15 30 15 30 15 30 15 30 15 30 15 30 15 30 15 30 15 30 15 30 15 30 15 30 22 30 22 30 22 30 22 30 22 30 22 30 22 30 22 51 15 51 15 51 15 51 15 51 15 51 15 51 15 51 15 51 15 51 15 51 15 51 15 51 15 51 15 51 15 51 15 51 15 50 17 50 17 50 17 50 17 70 15 70 15 70 15 70 15 70 15 70 15 70 15 70 15 70 15 70 15 70 15 70 15 70 15 70 15 70 15 70 15 70 15 70 15 70 15 70 15 70 15 70 15 70 15 70 15 70 15 70 15 70 15 70 15 
30 15 30 15 30 15 30 15 30 15 30 15 30 15 30 15 30 15 30 15 30 15 30 15 30 15 30 15 30 15 30 15 30 15 30 22 30 22 30 22 30 22 30 22 30 22 30 22 30 22 30 22 30 22 30 22 30 22 30 22 51 22 51 22 51 22 51 22 51 22 51 22 51 22 51 22 51 22 51 22 51 22 51 22 51 22 51 22 51 22 51 22 51 22 51 22 51 22 51 22 70 15 70 15 70 15 70 15 70 15 70 15 70 15 70 15 70 15 70 15 70 15 70 15 70 15 70 15 70 15 70 15 70 15 70 15 70 15 70 15 70 15 70 15 70 15 70 15 70 15 70 15 70 15 70 15 70 15 70 15 
30 15 30 15 30 15 30 15 30 15 30 15 30 15 30 15 30 15 30 15 30 15 51 22 51 22 51 22 51 22 51 22 51 22 51 22 51 22 51 22 51 22 51 22 51 22 51 22 51 22 51 22 51 22 51 22 51 22 51 22 51 22 51 22 51 22 51 22 51 22 51 22 51 22 51 22 51 22 51 22 51 22 51 22 51 22 51 22 51 22 51 22 51 22 51 22 51 22 51 22 51 22 70 15 70 15 70 15 70 15 70 15 70 15 70 15 70 15 70 15 70 15 70 15 70 15 70 15 70 15 70 15 70 15 70 15 70 15 70 15 70 15 70 15 70 15 70 15 70 15 70 15 70 15 70 15 70 15 70 15 
30 15 30 15 30 15 30 15 30 15 30 15 51 22 51 22 51 22 51 22 51 22 51 22 51 22 51 22 51 22 51 22 51 22 51 22 51 22 51 22 51 22 51 22 51 22 51 22 51 22 51 22 51 22 51 22 51 22 51 22 51 22 51 22 51 22 51 22 51 22 51 22 51 22 51 22 51 22 51 22 51 22 51 22 51 22 51 22 51 22 51 22 51 22 51 22 70 15 70 15 70 15 70 15 70 15 70 15 70 15 70 15 70 15 70 15 70 15 70 15 70 15 70 15 70 15 70 15 70 15 70 15 70 15 70 15 70 15 70 15 70 15 70 15 70 15 70 15 70 15 70 15 70 15 70 15 70 15 70 15 
51 22 51 22 51 22 51 22 51 22 51 22 51 22 51 22 51 22 51 22 51 22 51 22 51 22 51 22 51 22 51 22 51 22 51 22 51 22 51 22 51 22 51 22 51 22 51 22 51 22 51 22 51 22 51 22 51 22 51 22 51 22 51 22 51 22 51 22 51 22 51 22 51 22 51 22 51 22 51 22 51 22 51 22 51 22 51 22 51 22 70 15 70 15 70 15 70 15 70 15 70 15 70 15 70 15 70 15 70 15 70 15 70 15 70 15 70 15 70 15 70 15 70 15 70 15 70 15 70 15 70 15 70 15 70 15 70 15 70 15 70 15 70 15 70 15 70 15 70 15 70 15 70 15 70 15 70 15 70 15 
51 22 51 22 51 22 51 22 51 22 51 22 51 22 51 22 51 22 51 22 51 22 51 22 51 22 51 22 51 22 51 22 51 22 51 22 51 22 51 22 51 22 51 22 51 22 51 22 51 22 51 22 51 22 51 22 51 22 51 22 51 22 51 22 51 22 51 22 51 22 51 22 51 22 51 22 51 22 51 22 51 22 51 22 51 22 70 15 70 15 70 15 70 15 70 15 70 15 70 15 70 15 70 15 70 15 70 15 70 15 70 15 70 15 70 15 70 15 70 15 70 15 70 15 70 15 70 15 70 15 70 15 70 15 70 15 70 15 70 15 70 15 70 15 70 15 70 15 70 15 70 15 70 15 70 15 70 15 70 15 
51 22 51 22 51 22 51 22 51 22 51 22 51 22 51 22 51 22 51 22 51 22 51 22 51 22 51 22 51 22 51 22 51 22 51 22 51 22 51 22 51 22 51 22 51 22 51 22 51 22 51 22 51 22 51 22 51 22 51 22 51 22 51 22 51 22 51 22 51 22 51 22 51 22 51 22 51 22 51 22 70 15 70 15 70 15 70 15 70 15 70 15 70 15 70 15 70 15 70 15 70 15 70 15 70 15 70 15 70 15 70 15 70 15 70 15 70 15 70 15 70 15 70 15 70 15 70 15 70 15 70 15 70 15 70 15 70 15 70 15 70 15 70 15 70 15 70 15 70 15 70 15 70 15 70 15 70 15 70 15 
51 22 51 22 51 22 51 22 51 22 51 22 51 22 51 22 51 22 51 22 51 22 51 22 51 22 51 22 51 22 51 22 51 22 51 22 51 22 51 22 51 22 51 22 51 22 51 22 51 22 51 22 51 22 51 22 51 22 51 22 51 22 51 22 51 22 51 22 51 22 51 22 51 22 70 15 70 15 70 15 70 15 70 15 70 15 70 15 70 15 70 15 70 15 70 15 70 15 70 15 70 15 70 15 70 15 70 15 70 15 70 15 70 15 70 15 70 15 70 15 70 15 70 15 70 15 70 15 70 15 70 15 70 15 70 15 70 15 70 15 70 15 70 15 70 15 70 15 70 15 70 15 70 15 70 15 70 15 70 15 
51 22 51 22 51 22 51 22 51 22 51 22 51 22 51 22 51 22 51 22 51 22 51 22 51 22 51 22 51 22 51 22 51 22 51 22 51 22 51 22 51 22 51 22 51 22 51 22 51 22 51 22 51 22 51 22 51 22 51 22 51 22 51 22 51 22 51 22 70 15 70 15 70 15 70 15 70 15 70 15 70 15 70 15 70 15 70 15 70 15 70 15 70 15 70 15 70 15 70 15 70 15 70 15 70 15 70 15 70 15 70 15 70 15 70 15 70 15 70 15 70 15 70 15 70 15 70 15 70 15 70 15 70 15 70 15 70 15 70 15 70 15 70 15 70 15 70 15 70 15 70 15 70 15 70 15 70 15 70 15 
51 22 51 22 51 22 51 22 51 22 51 22 51 22 51 22 51 22 51 22 51 22 51 22 51 22 51 22 51 22 51 22 51 22 51 22 51 22 51 22 51 22 51 22 51 22 51 22 51 22 51 22 51 22 51 22 51 22 51 22 51 22 51 22 70 15 70 15 70 15 70 15 70 15 70 15 70 15 70 15 70 15 70 15 70 15 70 15 70 15 70 15 70 15 70 15 70 15 70 15 70 15 70 15 70 15 70 15 70 15 70 15 70 15 70 15 70 15 70 15 70 15 70 15 70 15 70 15 70 15 70 15 70 15 70 15 70 15 70 15 70 15 70 15 70 15 70 15 70 15 70 15 70 15 70 15 70 15 70 15 
51 22 51 22 51 22 51 22 51 22 51 22 51 22 51 22 51 22 51 22 51 22 51 22 51 22 51 22 51 22 51 22 51 22 51 22 51 22 51 22 51 22 51 22 51 22 51 22 51 22 51 22 51 22 51 22 51 22 70 15 70 15 70 15 70 15 70 15 70 15 70 15 70 15 70 15 70 15 70 15 70 15 70 15 70 15 70 15 70 15 70 15 70 15 70 15 70 15 70 15 70 15 70 15 70 15 70 15 70 15 70 15 70 15 70 15 70 15 70 15 70 15 70 15 70 15 70 15 70 15 70 15 70 15 70 15 70 15 70 15 70 15 70 15 70 15 70 15 70 15 70 15 70 15 70 15 70 15 70 15 
51 22 51 22 51 22 51 22 51 22 51 22 51 22 51 22 51 22 51 22 51 22 51 22 51 22 51 22 51 22 51 22 51 22 51 22 51 22 51 22 51 22 51 22 51 22 51 22 51 22 51 22 70 15 70 15 70 15 70 15 70 15 70 15 70 15 70 15 70 15 70 15 70 15 70 15 70 15 70 15 70 15 70 15 70 15 70 15 70 15 70 15 70 15 70 15 70 15 70 15 70 15 70 15 70 15 70 15 70 15 70 15 70 15 70 15 70 15 70 15 70 15 70 15 70 15 70 15 70 15 70 15 70 15 70 15 70 15 70 15 70 15 70 15 70 15 70 15 70 15 70 15 70 15 70 15 70 15 70 15 
51 22 51 22 51 22 51 22 51 22 51 22 51 22 51 22 51 22 51 22 51 22 51 22 51 22 51 22 51 22 51 22 51 22 51 22 51 22 51 22 51 22 51 22 51 22 51 22 70 15 70 15 70 15 70 15 70 15 70 15 70 15 70 15 70 15 70 15 70 15 70 15 70 15 70 15 70 15 70 15 70 15 70 15 70 15 70 15 70 15 70 15 70 15 70 15 70 15 70 15 70 15 70 15 70 15 70 15 70 15 70 15 70 15 70 15 70 15 70 15 70 15 70 15 70 15 70 15 70 15 70 15 70 15 70 15 70 15 70 15 70 15 70 15 70 15 70 15 70 15 70 15 70 15 70 15 70 15 70 15 
51 22 51 22 51 22 51 22 51 22 51 22 51 22 51 22 51 22 51 22 51 22 51 22 51 22 51 22 51 22 51 22 51 22 51 22 51 22 51 22 51 22 70 15 70 15 70 15 70 15 70 15 70 15 70 15 70 15 70 15 70 15 70 15 70 15 70 15 70 15 70 15 70 15 70 15 70 15 70 15 70 15 70 15 70 15 70 15 70 15 70 15 70 15 70 15 70 15 70 15 70 15 70 15 70 15 70 15 70 15 70 15 70 15 70 15 70 15 70 15 70 15 70 15 70 15 70 15 70 15 70 15 70 15 70 15 70 15 70 15 70 15 70 15 70 15 70 15 70 15 70 15 70 15 70 15 70 15 70 15 
51 22 51 22 51 22 51 22 51 22 51 22 51 22 51 22 51 22 51 22 51 22 51 22 51 22 51 22 51 22 51 22 51 22 51 22 70 15 70 15 70 15 70 15 70 15 70 15 70 15 70 15 70 15 70 15 70 15 70 15 70 15 70 15 70 15 70 15 70 15 70 15 70 15 70 15 70 15 70 15 70 15 70 15 70 15 70 15 70 15 70 15 70 15 70 15 70 15 70 15 70 15 70 15 70 15 70 15 70 15 70 15 70 15 70 15 70 15 70 15 70 15 70 15 70 15 70 15 70 15 70 15 70 15 70 15 70 15 70 15 70 15 70 15 70 15 70 15 70 15 70 15 70 15 70 15 70 15 70 15 
51 22 51 22 51 22 51 22 51 22 51 22 51 22 51 22 51 22 51 22 51 22 51 22 51 22 51 22 51 22 70 15 70 15 70 15 70 15 70 15 70 15 70 15 70 15 70 15 70 15 70 15 70 15 70 15 70 15 70 15 70 15 70 15 70 15 70 15 70 15 70 15 70 15 70 15 70 15 70 15 70 15 70 15 70 15 70 15 70 15 70 15 70 15 70 15 70 15 70 15 70 15 70 15 70 15 70 15 70 15 70 15 70 15 70 15 70 15 70 15 70 15 70 15 70 15 70 15 70 15 70 15 70 15 70 15 70 15 70 15 70 15 70 15 70 15 70 15 70 15 70 15 70 15 70 15 70 15 70 15 
51 22 51 22 51 22 51 22 51 22 51 22 51 22 51 22 51 22 51 22 51 22 51 22 51 22 70 15 70 15 70 15 70 15 70 15 70 15 70 15 70 15 70 15 70 15 70 15 70 15 70 15 70 15 70 15 70 15 70 15 70 15 70 15 70 15 70 15 70 15 70 15 70 15 70 15 70 15 70 15 70 15 70 15 70 15 70 15 70 15 70 15 70 15 70 15 70 15 70 15 70 15 70 15 70 15 70 15 70 15 70 15 70 15 70 15 70 15 70 15 70 15 70 15 70 15 70 15 70 15 70 15 70 15 70 15 70 15 70 15 70 15 70 15 70 15 70 15 70 15 70 15 70 15 70 15 70 15 70 15 
51 22 51 22 51 22 51 22 51 22 51 22 51 22 51 22 51 22 51 22 70 15 70 15 70 15 70 15 70 15 70 15 70 15 70 15 70 15 70 15 70 15 70 15 70 15 70 15 70 15 70 15 70 15 70 15 70 15 70 15 70 15 70 15 70 15 70 15 70 15 70 15 70 15 70 15 70 15 70 15 70 15 70 15 70 15 70 15 70 15 70 15 70 15 70 15 70 15 70 15 70 15 70 15 70 15 70 15 70 15 70 15 70 15 70 15 70 15 70 15 70 15 70 15 70 15 70 15 70 15 70 15 70 15 70 15 70 15 70 15 70 15 70 15 70 15 70 15 70 15 70 15 70 15 70 15 70 15 70 15 
51 22 51 22 51 22 51 22 51 22 51 22 51 22 70 15 70 15 70 15 70 15 70 15 70 15 70 15 70 15 70 15 70 15 70 15 70 15 70 15 70 15 70 15 70 15 70 15 70 15 70 15 70 15 70 15 70 15 70 15 70 15 70 15 70 15 70 15 70 15 70 15 70 15 70 15 70 15 70 15 70 15 70 15 70 15 70 15 70 15 70 15 70 15 70 15 70 15 70 15 70 15 70 15 70 15 70 15 70 15 70 15 70 15 70 15 70 15 70 15 70 15 70 15 70 15 70 15 70 15 70 15 70 15 70 15 70 15 70 15 70 15 70 15 70 15 70 15 70 15 70 15 70 15 70 15 70 15 70 15 
51 22 51 22 51 22 51 22 70 15 70 15 70 15 70 15 70 15 70 15 70 15 70 15 70 15 70 15 70 15 70 15 70 15 70 15 70 15 70 15 70 15 70 15 70 15 70 15 70 15 70 15 70 15 70 15 70 15 70 15 70 15 70 15 70 15 70 15 70 15 70 15 70 15 70 15 70 15 70 15 70 15 70 15 70 15 70 15 70 15 70 15 70 15 70 15 70 15 70 15 70 15 70 15 70 15 70 15 70 15 70 15 70 15 70 15 70 15 70 15 70 15 70 15 70 15 70 15 70 15 70 15 70 15 70 15 70 15 70 15 70 15 70 15 70 15 70 15 70 15 70 15 70 15 70 15 70 15 70 15 
