175 224
170 209
167 238
168 208
184 205
168 247
185 201
160 206
164 254
178 192
168 257
208 232
151 204
192 256
180 188
147 203
160 261
182 184
168 265
143 206
184 180
221 234
156 268
186 176
203 268
137 211
169 276
188 173
153 273
222 251
171 277
229 235
231 236
151 277
193 173
232 234
131 216
228 257
234 229
147 284
118 211
145 287
233 263
191 154
236 222
112 213
192 150
179 298
238 217
238 269
193 146
237 271
182 300
240 212
105 215
194 142
234 276
102 216
188 303
195 138
242 205
142 310
96 218
196 134
230 282
194 306
198 133
244 200
138 313
92 220
201 133
227 287
200 309
90 223
253 198
206 135
131 318
81 213
234 297
206 312
87 229
210 126
232 301
256 187
212 315
230 305
125 328
83 238
258 182
228 309
221 127
67 214
218 318
256 180
120 331
80 244
226 313
253 178
222 320
60 208
79 247
71 244
231 128
151 94
54 215
53 204
214 95
149 90
80 257
215 92
242 129
216 89
146 85
217 86
41 216
144 81
40 217
81 268
218 83
312 282
252 130
220 80
48 245
141 76
47 243
225 80
139 72
41 227
82 278
43 228
229 81
262 131
263 132
136 67
214 65
233 82
134 63
237 83
83 289
17 204
131 58
241 84
276 120
277 118
245 85
129 54
10 200
224 52
140 46
126 50
280 112
125 49
3 196
142 41
241 52
282 108
121 51
0 194
245 52
144 36
94 310
117 53
235 41
278 104
146 33
250 54
113 55
150 33
237 34
255 56
108 58
155 35
239 29
260 58
104 60
158 36
100 62
265 60
309 99
242 20
159 16
110 328
270 62
95 65
260 24
163 16
311 92
261 23
91 67
168 18
313 87
87 69
171 19
232 10
315 82
82 72
273 24
316 80
227 8
78 74
313 78
178 5
222 6
74 76
183 5
306 76
217 4
285 25
69 79
187 6
301 74
212 2
65 81
191 7
195 8
317 58
61 83
207 0
296 26
294 72
54 87
50 89
308 27
43 93
363 55
320 28
38 96
34 98
30 100
331 29
365 42
26 102
366 37
367 33
343 30
20 108
365 32
21 110
24 115
