51 722
53 726
43 714
58 733
40 709
61 738
69 713
38 706
72 711
36 703
75 709
67 746
33 698
80 706
70 751
73 695
29 692
72 692
31 690
86 702
75 758
34 688
69 687
92 698
66 682
40 684
80 765
22 677
43 682
98 694
63 677
20 674
83 770
102 693
60 673
104 694
49 678
59 672
17 669
107 698
88 777
14 664
90 781
111 704
11 659
118 686
93 786
115 710
8 654
95 790
124 683
117 713
5 649
99 797
130 680
121 719
2 644
44 645
102 802
135 678
125 725
41 640
37 642
104 806
134 666
141 675
127 728
39 637
138 664
37 634
33 635
82 623
108 813
147 672
142 662
131 734
31 631
34 629
80 619
146 660
106 823
153 669
112 820
149 659
135 740
156 668
27 625
150 657
30 623
76 613
137 743
115 825
25 623
28 620
159 671
110 830
148 653
74 609
30 618
117 829
21 625
141 749
159 654
71 604
113 836
163 677
144 646
168 663
36 615
163 652
15 629
165 680
121 836
68 600
171 661
116 841
67 599
73 596
167 650
123 839
11 631
140 640
42 612
76 593
63 601
169 686
119 846
178 657
138 636
174 646
59 603
5 635
49 608
82 589
173 692
122 852
183 654
135 631
55 605
1 637
139 628
179 643
130 850
85 587
175 695
141 626
133 627
183 641
190 650
91 583
146 623
179 701
187 639
129 621
134 617
151 620
197 646
127 617
97 579
183 707
194 635
131 612
100 577
185 710
156 617
202 643
124 612
102 576
199 632
188 715
105 579
127 605
161 614
121 607
195 712
203 630
209 639
191 719
163 608
111 572
119 603
108 584
166 611
198 717
208 627
123 598
216 635
195 725
171 608
117 569
24 908
212 625
115 596
112 591
120 593
171 603
88 543
197 728
216 623
221 632
90 541
123 566
205 727
122 558
201 734
207 730
164 885
95 538
173 594
128 563
223 619
228 628
209 733
174 591
166 888
204 738
100 535
129 554
228 616
134 560
234 625
169 884
212 738
165 896
133 552
208 744
232 614
105 532
168 583
238 629
140 557
210 747
217 742
137 550
236 612
174 877
110 529
237 610
141 548
242 635
146 554
214 753
163 576
142 546
223 747
115 526
179 870
244 640
140 542
150 558
232 603
165 914
253 627
229 745
181 867
120 523
151 542
153 562
157 568
232 744
167 919
229 598
149 914
246 647
136 535
121 515
168 922
158 545
126 520
156 539
186 860
120 512
238 742
248 652
261 607
129 523
144 920
239 740
170 927
248 654
224 591
163 541
161 536
116 506
241 735
172 932
191 853
267 604
168 537
166 533
173 935
114 502
219 584
138 927
193 850
243 730
240 773
171 530
173 533
274 600
216 579
64 962
175 941
252 764
176 942
245 724
275 649
198 843
108 493
176 527
178 529
236 780
280 597
247 719
180 528
68 969
179 525
211 572
178 949
106 489
279 655
178 522
203 836
112 483
184 532
281 658
232 787
287 593
123 941
205 833
180 956
72 976
102 483
206 565
109 478
193 945
174 516
284 663
181 960
174 962
208 829
188 538
293 590
218 836
228 794
217 554
99 478
203 560
182 963
197 947
175 965
172 512
190 541
79 972
222 839
288 669
176 968
194 514
183 967
214 549
96 473
212 822
300 586
177 971
224 801
168 506
102 467
282 763
226 842
194 547
184 971
198 553
204 952
291 674
86 968
178 974
199 511
211 544
93 468
185 974
166 502
295 566
33 1010
306 583
293 677
216 815
99 462
107 956
211 540
209 955
180 979
220 808
186 978
204 508
232 847
295 680
90 463
97 459
93 964
298 560
162 496
235 849
187 982
238 845
37 1017
313 579
95 456
209 505
298 685
215 960
306 679
182 987
160 492
241 847
86 457
301 554
219 515
40 1022
92 451
189 989
319 576
183 991
84 453
215 501
245 850
302 691
90 448
243 856
42 1026
156 486
190 993
184 995
224 512
167 480
304 548
244 858
219 499
325 573
305 696
154 482
220 497
80 447
87 443
327 572
317 671
45 1031
186 1000
229 509
164 475
192 1000
313 762
307 699
307 542
217 977
218 493
330 575
47 1035
77 442
84 438
306 539
322 668
309 702
150 476
193 1004
234 506
161 470
218 982
49 1039
188 1009
230 492
50 1040
148 472
214 487
74 437
334 581
312 707
80 432
158 465
189 1012
226 985
195 1011
332 553
329 663
241 502
336 584
212 483
250 876
235 489
246 878
300 530
71 432
196 1015
144 466
77 427
155 460
57 1036
316 713
227 991
219 993
334 660
246 499
209 478
191 1020
240 486
55 1050
75 424
153 457
340 590
332 775
142 462
297 525
68 427
61 1034
220 997
247 885
342 665
198 1022
319 718
192 1024
151 454
57 1054
251 496
228 998
206 473
251 888
72 419
343 595
294 520
252 889
321 721
246 482
66 1031
199 1026
193 1028
138 456
64 421
342 654
59 1058
347 662
148 449
247 893
345 598
323 724
229 1004
203 468
257 493
250 480
70 1029
344 761
221 1007
136 452
350 660
62 417
0 395
195 1033
341 784
68 413
61 1062
246 897
345 759
347 651
201 1033
222 1010
145 444
201 464
2 393
74 1027
326 729
230 1010
349 604
288 511
63 1066
337 723
355 657
202 1037
65 408
132 446
58 411
342 754
251 903
206 456
266 888
142 439
341 792
267 494
339 726
79 1024
65 1070
197 1042
259 474
63 405
231 1016
197 458
354 646
285 506
330 735
9 389
130 442
360 654
353 610
204 453
140 436
341 729
55 406
223 1021
83 1022
263 472
195 454
208 1044
60 400
232 1022
359 643
343 732
282 501
264 470
361 758
295 495
333 740
365 651
201 448
356 615
224 1025
69 1077
137 431
15 386
336 745
87 1020
277 495
52 401
293 492
91 1024
199 445
358 618
346 736
204 1052
18 384
57 395
71 1081
124 433
261 465
191 447
233 1029
370 648
281 887
252 919
134 426
94 1022
92 1017
246 920
234 1030
49 396
366 638
201 1054
55 392
290 487
244 921
122 429
196 440
73 1085
97 1020
225 1035
374 646
370 751
258 460
362 624
24 381
369 636
96 1015
353 810
131 421
187 441
277 464
46 391
100 1018
75 1089
52 387
368 633
195 1057
226 1039
377 649
27 379
284 472
225 1044
193 435
241 1026
100 1013
237 923
118 423
185 437
103 1016
128 416
254 454
287 470
282 461
379 787
78 1094
190 1060
42 385
378 745
190 430
296 886
116 419
48 381
33 376
105 1010
232 925
381 655
381 789
290 468
253 935
182 432
376 511
108 1013
385 773
248 1022
35 375
125 411
251 449
80 1098
188 427
287 458
40 381
383 658
109 1008
184 1063
45 376
251 1020
354 827
112 413
82 1102
179 427
296 464
248 444
114 1009
185 422
113 1006
386 739
121 405
293 454
387 664
42 369
179 1066
110 409
392 515
84 1106
395 774
176 422
310 885
262 1034
383 803
182 417
118 1003
302 460
395 513
118 400
244 438
120 1005
86 1110
298 451
254 951
174 418
401 775
48 366
173 1069
391 670
106 403
394 733
122 1001
384 808
242 434
88 1114
269 1033
115 395
251 1004
393 673
89 1115
178 411
303 448
308 456
387 810
401 509
406 776
104 399
173 1078
168 1072
126 999
355 845
54 363
170 412
128 1000
112 390
401 728
175 406
411 777
276 1032
325 884
397 679
168 408
309 444
314 452
407 505
96 1111
100 393
162 1075
110 387
236 425
60 360
173 1087
246 418
255 967
172 401
386 822
417 778
100 1109
98 389
411 502
314 441
388 823
244 415
404 720
157 1078
284 1031
401 685
107 382
233 420
320 448
164 401
66 357
175 1093
250 987
317 439
387 827
422 779
169 396
242 412
403 688
356 862
176 1096
94 383
417 498
316 436
104 377
230 415
107 1105
407 714
151 1081
240 409
291 1030
340 883
178 1097
326 444
427 780
160 395
72 354
341 881
102 374
92 379
165 390
111 1103
389 835
407 694
75 353
409 709
431 782
146 1084
158 391
237 404
423 494
312 430
226 409
388 838
332 440
185 1099
299 1029
109 1137
99 369
78 356
162 385
235 401
426 492
88 373
350 892
310 426
330 431
224 405
411 700
118 1099
140 1087
165 1110
233 398
352 894
190 1101
154 384
96 364
430 489
86 369
81 361
338 436
159 380
112 1143
334 429
306 1028
390 847
357 880
122 1097
440 788
236 396
157 1112
358 881
306 420
113 1146
117 1145
93 359
133 1091
197 1103
89 345
156 375
42 1171
150 378
436 485
218 396
241 394
362 879
304 416
344 432
445 791
340 425
314 1027
154 372
439 483
44 1175
148 374
202 1105
366 877
344 423
123 1149
354 908
215 391
391 859
450 794
436 702
96 340
350 428
46 1179
447 716
151 367
321 1026
452 727
126 1151
370 896
370 875
149 1123
145 369
445 479
204 1116
435 465
298 407
353 426
209 1107
212 386
450 714
149 364
233 377
441 699
350 419
129 1153
48 1183
389 866
456 798
374 899
128 1157
375 873
366 913
146 1128
142 364
296 403
453 712
449 476
439 462
103 335
236 374
214 1109
329 1025
354 417
102 1163
459 723
50 1187
389 870
358 423
132 1149
146 359
446 696
377 902
460 801
356 921
208 380
456 710
387 871
211 1121
106 333
381 872
361 421
443 459
139 359
305 393
52 1191
459 708
292 397
455 472
123 1164
206 376
141 1135
137 1161
143 354
451 693
336 1024
221 1111
364 419
136 1143
110 330
303 390
361 413
243 369
466 719
216 1124
465 806
137 355
367 925
96 1170
447 456
462 706
458 470
54 1196
290 393
141 351
476 770
146 1143
246 367
141 1164
120 1169
226 1113
370 927
456 690
465 704
300 385
471 716
451 453
379 915
56 1200
370 415
344 1023
116 326
469 811
367 409
133 349
481 768
211 362
138 346
222 1129
468 702
250 364
145 1167
464 466
476 720
374 929
200 367
118 325
286 387
117 1174
90 1177
475 714
461 687
380 919
58 1204
455 450
484 767
297 380
371 407
233 1115
136 343
471 700
131 345
121 328
149 1170
468 463
376 411
351 1022
458 448
474 817
197 362
283 382
60 1208
20 1213
474 698
207 355
480 711
466 684
489 765
294 375
238 1117
257 359
379 409
133 338
125 320
153 1173
377 403
485 715
124 333
84 1184
462 445
62 1212
127 338
111 1183
151 1178
484 709
194 357
474 459
280 377
478 822
494 763
204 350
359 1021
155 1176
56 1217
360 1029
488 713
291 370
480 694
381 401
244 1119
472 680
130 317
24 1220
156 1169
360 1019
64 1216
263 355
477 457
385 405
466 442
82 1189
497 762
362 1031
289 367
108 1188
489 706
265 354
277 372
482 827
147 1184
201 345
476 678
190 351
469 440
493 710
113 1193
249 1118
357 956
66 1220
59 1223
135 314
27 1225
264 348
486 690
80 1194
502 760
387 397
162 1181
268 357
160 1163
493 704
67 1218
468 437
206 1146
496 815
483 453
391 401
286 362
145 1188
263 345
274 367
484 832
505 759
187 346
111 1198
29 1229
162 1186
485 452
104 1195
165 1183
255 1117
391 395
482 674
284 359
394 399
62 1229
78 1199
197 338
68 1227
500 706
145 1193
465 432
492 686
142 310
164 1157
488 455
69 1211
486 837
358 966
510 757
500 700
109 1203
169 1186
141 1194
260 1116
102 1200
32 1234
143 1196
396 392
201 1154
64 1234
487 671
76 1204
258 338
194 333
463 428
166 1154
505 703
70 1207
400 395
360 1000
147 307
488 842
139 1198
72 1234
491 460
364 1050
34 1238
173 1189
498 682
107 1208
505 697
100 1205
368 971
516 755
170 1194
266 1115
198 1158
179 336
401 389
492 668
140 1202
255 333
191 328
67 1240
137 1202
74 1238
383 1042
170 1148
490 847
509 695
459 421
406 391
494 465
105 1213
153 304
37 1243
512 699
98 1210
365 1056
174 1149
499 443
521 753
504 678
272 1114
389 971
372 1056
178 1183
194 1163
406 386
166 1200
497 665
135 1206
252 328
409 389
137 1208
176 1146
70 1246
492 852
39 1247
96 1214
359 982
514 692
103 1218
184 1137
187 321
188 1130
497 470
475 413
517 696
526 751
174 1142
500 663
78 1245
529 758
277 1113
164 1204
455 415
158 309
133 1210
172 327
411 383
390 1002
182 1178
477 411
510 674
373 1063
135 1213
529 750
499 660
518 690
176 1139
494 857
94 1219
42 1252
415 385
101 1223
495 420
80 1249
73 1252
512 673
184 316
453 411
500 475
247 321
131 1214
81 1250
523 693
198 1178
394 1051
187 1171
283 1112
521 688
162 314
513 442
416 380
160 1210
536 755
511 468
482 408
534 748
81 220
82 1248
44 1256
496 862
515 676
92 1224
132 1219
374 1070
99 1228
129 1218
520 685
495 654
526 696
181 311
450 406
398 1053
503 480
244 316
76 1258
421 381
511 658
420 378
158 1214
254 310
289 1111
519 669
367 1075
518 439
541 753
84 1243
401 1054
487 405
127 1222
47 1261
421 376
90 1229
540 746
493 650
424 379
164 281
448 402
522 667
375 1077
170 287
506 485
241 311
498 870
529 702
522 437
294 1110
79 1264
251 305
405 1056
125 1226
546 751
49 1265
517 654
97 1237
86 1238
368 1081
128 1228
520 461
168 279
492 402
423 371
545 744
88 1234
525 665
154 1221
429 376
548 750
499 874
489 644
444 396
175 284
509 490
424 368
431 375
526 441
521 652
153 1224
81 1269
376 1084
410 1058
248 300
550 752
300 1109
532 708
535 678
123 1231
549 742
52 1270
525 458
173 276
236 304
497 399
530 662
487 640
126 1235
501 879
442 392
434 378
548 739
538 676
414 1060
180 281
512 495
421 363
54 1274
533 660
151 1230
245 295
177 274
306 1108
527 648
125 1239
377 1091
535 714
233 299
502 396
513 498
531 448
546 735
552 760
439 387
369 1095
437 383
120 1240
419 1062
56 1278
483 634
491 630
185 278
544 672
531 646
149 1235
311 1107
242 290
368 1097
182 271
503 888
123 1244
313 1114
544 731
538 719
539 656
230 294
507 393
378 1098
423 1064
481 630
508 502
488 626
240 287
118 1245
415 354
504 892
186 269
190 275
542 654
554 768
58 1285
542 727
317 1106
147 1241
381 1100
89 1285
550 668
537 642
486 623
504 505
512 390
428 1066
544 423
91 1286
237 282
116 1251
506 897
412 349
553 666
225 287
191 266
547 651
158 1250
322 1105
551 438
541 640
196 272
120 1255
145 1247
432 1068
523 511
60 1292
387 1103
235 279
556 776
475 621
517 387
549 420
157 1253
499 509
354 1099
550 649
327 1113
537 884
195 264
98 1288
555 436
558 663
144 1251
222 282
556 660
328 1104
508 904
408 343
553 647
202 269
350 1100
526 516
547 636
479 613
331 1112
444 1057
495 512
118 1262
393 1106
472 616
522 384
541 882
114 1261
554 417
235 272
62 1299
559 658
559 434
143 1255
103 1290
200 261
540 393
558 784
528 519
219 277
155 1261
551 634
334 1103
405 338
557 415
564 659
476 609
558 644
545 880
238 269
491 515
563 656
142 1259
449 1059
510 911
563 432
208 266
527 381
117 1268
204 259
397 1112
399 1109
113 1268
64 1306
567 657
81 1308
109 1292
545 390
474 606
210 265
561 642
107 1297
531 524
467 609
141 1263
511 915
207 257
562 412
567 430
451 1067
79 1309
550 878
110 1290
560 792
454 1061
567 790
557 630
401 332
153 1269
486 519
214 270
65 1310
532 378
244 265
404 1112
471 602
206 254
67 1310
140 1267
111 1300
565 410
570 651
550 387
571 428
455 1069
464 604
554 876
513 920
573 653
112 1276
567 638
561 628
247 263
535 530
459 1063
482 522
469 599
549 384
398 327
139 1271
537 375
569 408
562 800
575 426
410 1115
575 648
151 1277
571 636
460 1071
202 248
121 1296
578 650
560 873
466 595
138 1275
464 1065
538 535
541 373
572 411
567 624
477 526
253 259
411 1120
578 646
515 928
459 597
579 424
581 650
574 639
545 378
464 1073
568 805
540 538
577 644
137 1279
126 1297
199 243
416 1118
578 421
583 652
565 871
469 1067
564 808
571 622
463 590
415 1122
473 529
149 1285
392 318
575 416
517 933
456 592
72 136
469 1075
259 255
131 1298
461 587
581 631
543 543
569 869
419 1124
196 238
474 1069
74 134
469 532
586 658
262 253
389 313
148 1291
453 588
423 1122
473 1077
577 618
135 1297
459 584
584 629
135 1299
566 816
591 643
574 867
136 1295
478 1071
588 661
546 548
476 1078
137 1301
79 131
575 865
581 616
591 637
192 232
464 536
267 250
426 1128
450 583
520 944
569 820
456 579
548 551
429 1125
385 307
582 614
590 625
480 1080
597 639
575 861
591 667
454 576
84 128
460 539
596 634
486 1070
189 227
570 825
568 826
431 1131
522 950
551 556
273 246
382 302
484 1083
452 573
435 1128
574 856
445 576
596 621
582 606
55 112
456 542
594 672
89 125
553 559
435 1133
212 217
276 244
570 928
186 222
571 831
604 634
524 955
450 569
494 1069
214 215
573 851
580 602
378 296
604 629
441 1131
601 673
451 546
570 836
94 122
556 564
440 1136
450 565
486 1092
602 617
597 678
604 392
217 213
572 837
282 240
607 627
182 216
572 846
610 630
526 962
486 1095
375 291
446 1134
444 1138
447 549
502 1068
285 238
99 119
147 1323
600 683
611 625
613 628
560 570
111 1350
608 613
484 1099
610 388
223 209
179 211
528 967
574 593
610 666
449 1141
483 1102
452 1137
226 207
104 116
509 1066
291 234
588 927
148 1330
603 689
109 1355
563 575
176 206
571 588
369 282
614 609
453 1143
616 384
620 623
512 1065
615 663
530 974
108 1358
481 1107
565 578
620 619
109 113
458 1140
296 231
617 607
623 621
232 203
107 1361
516 1064
149 1337
620 381
607 695
78 1376
366 277
458 1146
479 1111
172 200
532 979
624 617
299 229
604 584
520 1063
115 110
105 1366
603 582
462 1148
302 227
623 603
623 657
465 1144
629 617
139 1345
238 199
477 1116
169 195
626 377
611 701
150 1345
362 271
466 1142
118 113
83 1383
626 601
476 1119
281 201
241 197
596 571
482 1122
600 577
535 988
627 654
103 1372
467 1151
527 1061
281 199
607 926
633 611
166 190
308 223
530 1072
635 613
85 1387
468 1137
471 1149
359 266
474 1123
102 1375
632 373
121 118
615 707
151 1352
631 598
531 1060
637 612
471 1153
532 1074
279 195
537 993
596 960
632 651
247 193
473 1126
637 609
123 121
107 1381
140 1358
638 607
634 601
640 615
162 184
314 219
635 649
277 191
100 1381
477 1153
355 260
476 1156
539 998
638 369
619 713
152 1359
90 1394
106 1385
276 188
317 217
126 126
253 189
160 180
534 1083
480 1158
98 1386
105 1388
92 1398
642 366
540 1053
352 255
644 621
541 1003
534 1085
256 187
93 1399
483 1157
274 184
646 534
322 214
94 1397
533 1088
646 624
484 1161
626 925
648 536
130 132
104 1393
644 642
324 213
543 1008
96 1392
272 180
140 1372
485 1163
648 362
262 183
489 1161
154 171
270 178
388 230
605 978
327 216
531 1094
548 1047
133 137
649 639
346 246
545 1013
650 630
651 542
485 1169
138 1378
530 1097
493 1164
644 561
135 140
654 358
151 166
637 930
547 1018
331 222
343 241
137 1382
654 548
639 932
138 145
481 1175
333 225
148 161
528 1104
500 1164
660 354
105 1416
651 556
501 1162
656 553
135 1388
339 235
548 1033
479 1179
646 923
526 1108
141 150
336 230
664 351
640 941
134 1392
144 155
108 1421
496 1182
524 1112
642 942
504 1156
475 1185
110 1425
499 1186
646 942
132 1398
670 347
674 710
522 1117
506 1151
680 541
647 940
473 1189
673 345
572 1101
131 1402
678 711
113 1430
520 1121
503 1191
688 601
527 1125
161 65
509 1145
575 1104
683 712
518 1125
612 1016
469 1196
116 1435
129 1408
679 341
506 1195
578 1108
511 1140
688 713
682 339
128 1412
118 1439
516 1130
691 533
119 1440
236 117
333 155
465 1202
510 1200
519 1140
295 134
120 1438
443 183
693 714
687 336
332 152
297 132
126 1418
696 530
646 892
463 1206
699 707
513 1204
697 715
641 971
300 130
644 891
125 1422
122 1431
516 1208
652 973
702 716
327 145
459 1212
703 525
305 127
654 974
467 1219
613 1042
707 717
308 125
457 1216
520 1213
145 16
636 1018
324 140
661 976
312 123
712 718
710 520
705 334
464 1225
523 1217
642 1019
321 135
134 1461
315 126
643 1017
639 1034
463 1229
452 1224
715 517
711 333
527 1222
463 1232
641 1037
649 1021
137 1466
642 997
530 1226
445 1220
596 1142
139 1470
722 512
643 1044
423 146
533 1230
440 1217
425 144
726 509
645 1049
143 1476
12 1504
428 142
436 1215
729 331
474 1245
737 570
731 506
145 1480
647 1054
432 1213
433 139
734 330
477 1249
436 137
552 1234
149 1486
649 1061
738 501
738 334
425 1209
556 1232
151 1490
441 134
651 1066
743 498
439 128
153 1493
420 1206
657 212
561 1230
742 340
485 1259
446 131
653 1071
656 209
157 1491
744 343
416 1204
565 1228
558 1250
451 128
161 1489
751 492
747 347
570 1226
454 126
596 1182
656 1080
651 202
165 1487
594 1183
756 489
575 1224
419 1265
495 1271
751 353
649 198
165 1506
169 1485
459 123
576 1222
658 1086
402 1252
171 1482
424 1275
498 1275
763 484
464 120
660 1091
675 1084
756 360
644 191
240 7
420 1278
174 1477
467 118
768 481
662 1096
677 1089
641 186
150 1532
760 366
177 1472
678 1092
472 115
414 1282
506 1285
152 1535
679 1095
762 369
664 1103
638 181
180 1467
536 1273
477 112
484 1303
510 1290
765 373
375 1237
155 1540
666 1108
779 473
480 110
412 1293
581 1279
183 1462
531 1276
371 1239
668 1113
158 1545
632 172
528 1278
784 470
485 107
769 379
517 1285
585 1284
684 1109
187 1456
525 1280
488 105
771 382
365 1243
161 1550
685 1112
629 167
190 1452
589 1289
686 1115
791 465
671 1122
774 386
62 1579
493 102
361 1246
164 1555
400 1304
687 1118
673 1127
791 272
670 1199
688 1121
593 1294
498 99
194 1446
778 392
623 158
167 1560
28 1589
798 460
689 1124
365 1253
501 97
596 1298
197 1442
690 1127
681 147
620 153
170 1565
367 1257
70 1590
803 457
676 1136
527 1316
783 399
628 1265
734 183
506 94
600 1303
692 1132
816 298
630 1267
201 1436
785 402
173 1570
639 138
678 1141
693 1135
616 147
530 1321
495 72
511 91
686 1201
210 1439
75 1597
810 452
740 179
694 1138
604 1308
204 1432
176 1575
514 89
688 1198
613 142
789 408
743 177
695 1141
78 1601
177 1578
815 449
780 214
535 1328
216 1435
681 1150
696 1144
608 1313
388 1330
816 447
208 1426
519 86
691 1193
792 412
632 1280
783 213
174 1580
219 1433
697 1147
537 1332
81 1606
385 1332
749 173
683 1155
171 1582
211 1422
612 1318
669 1240
524 83
694 1188
607 133
699 1152
796 418
694 1186
811 440
380 1335
225 1429
527 81
185 1588
755 169
670 1245
634 1290
542 1339
693 1183
798 421
165 1586
852 496
604 128
215 1416
87 1614
686 1164
808 436
701 1158
758 167
375 1338
532 78
671 1251
231 1425
801 425
799 208
856 499
545 1344
189 1594
218 1412
691 1177
90 1619
688 1169
159 1590
600 122
805 431
234 1423
703 1164
854 333
802 206
370 1341
764 163
672 1257
538 74
156 1592
856 335
636 1303
549 1350
193 1600
222 1406
862 504
597 117
807 203
858 338
366 1336
240 1419
770 159
637 1307
865 506
543 71
225 1402
150 1596
552 1355
843 431
197 1606
773 157
363 1332
98 1630
812 200
196 1608
701 1251
246 1415
548 68
847 429
145 1599
591 108
360 1328
712 1246
249 1413
230 1395
700 1255
557 1362
779 153
818 196
354 1351
142 1601
553 65
274 1537
105 1625
190 1612
639 1320
588 103
699 1259
310 1297
716 1249
139 1603
559 1366
854 425
718 1248
187 1614
823 193
255 1409
349 1354
229 1603
466 1399
640 1324
558 62
785 149
110 1622
698 1263
205 1619
235 1388
560 61
231 1606
584 97
314 1303
788 147
133 1607
237 1385
884 321
697 1267
724 1251
828 190
344 1357
881 522
563 1373
861 421
283 1530
181 1618
261 1405
563 64
886 323
209 1625
316 1307
234 1611
696 1271
581 92
117 1617
264 1403
339 1360
794 143
127 1611
834 186
882 529
867 417
642 1337
695 1275
175 1622
242 1378
567 1380
567 70
889 329
290 1525
237 1616
122 1614
213 1631
559 37
432 1413
334 1363
643 1341
694 1279
270 1399
871 415
881 534
569 73
697 1280
544 1399
293 1553
839 183
171 1625
28 1676
800 139
570 1385
905 496
272 1398
429 1415
575 83
331 1365
892 335
247 1371
803 137
296 1556
217 1637
880 539
876 412
426 1417
693 1285
572 1389
275 1401
844 180
298 1519
127 1655
332 1374
165 1629
249 1368
328 1361
243 1625
301 1325
894 340
340 1386
879 544
880 410
162 1631
299 1562
809 133
221 1643
645 1354
692 1292
252 1364
420 1421
325 1357
283 1400
850 176
246 1630
576 1396
301 1565
878 549
906 448
897 346
305 1514
686 1339
696 1296
646 1358
886 406
286 1403
908 447
322 1353
224 1648
906 441
900 428
156 1635
415 1424
815 129
524 1427
855 173
326 1386
249 1635
691 1299
308 1334
579 1401
877 554
138 1647
687 1345
695 1301
257 1357
226 1651
911 450
304 1571
903 426
890 404
900 352
412 1426
289 1407
818 127
319 1349
348 1397
898 554
581 1405
860 170
876 559
906 424
313 1508
409 1428
143 1644
913 436
320 1390
917 444
878 561
149 1640
292 1411
307 1576
895 401
316 1345
583 1409
230 1657
915 456
909 422
351 1402
824 123
648 1371
262 1350
902 559
317 1392
255 1644
875 564
294 1414
877 565
404 1431
899 399
866 166
232 1660
918 433
912 420
585 1413
293 1416
690 1358
935 514
904 562
314 1394
320 1503
865 164
918 461
265 1346
874 569
829 120
311 1583
258 1649
738 43
774 65
587 1417
931 340
356 1409
106 1703
694 1356
398 1435
311 1390
905 395
236 1666
918 416
650 1381
907 568
921 466
873 574
941 510
925 428
739 38
589 1421
261 1654
108 1707
314 1589
834 125
650 1384
238 1669
359 1414
909 393
485 1460
328 1497
923 469
393 1438
945 508
740 34
872 579
316 1592
110 1711
930 425
924 412
910 574
591 1426
857 154
946 506
422 1461
482 1462
696 1371
651 1389
390 1440
838 130
940 347
914 390
694 1344
926 474
242 1675
873 584
741 29
112 1715
593 1430
424 1465
652 1393
912 579
319 1598
335 1492
267 1663
943 501
930 408
918 388
695 1334
476 1465
698 1378
334 1490
346 1506
937 420
842 135
742 24
384 1444
788 52
595 1434
321 1601
245 1680
114 1720
306 1437
367 1425
930 480
473 1467
703 1379
270 1668
349 1504
699 1382
948 353
381 1446
787 49
743 20
351 1435
849 144
653 1401
939 495
332 1599
331 1485
936 404
942 417
597 1439
914 588
925 384
352 1502
324 1607
248 1686
370 1430
933 485
654 1404
378 1442
926 584
701 1387
467 1470
273 1673
744 15
347 1438
590 1448
599 1443
355 1500
936 490
783 43
954 358
313 1446
942 400
327 1612
326 1478
358 1498
745 10
957 465
251 1692
949 412
706 1391
261 1687
601 1447
462 1473
697 1397
728 2
703 1394
360 1497
780 38
746 6
708 1395
976 515
603 1451
323 1473
279 1682
254 1697
948 396
656 1416
954 409
363 1500
698 1403
922 601
331 1619
456 1476
402 1486
604 1454
777 33
319 1454
705 1401
313 1458
129 1737
750 2
710 1400
606 1455
924 604
944 367
282 1687
699 1408
257 1703
315 1461
343 1618
954 392
451 1479
706 1405
322 1458
334 1625
657 1424
318 1466
774 28
926 607
367 1507
961 404
712 1405
406 1493
133 1742
977 447
658 1427
357 1460
700 1414
586 1475
286 1693
337 1630
445 1482
714 1409
709 1411
929 612
960 388
966 401
261 1710
347 1625
370 1513
770 22
618 1457
701 1420
442 1484
931 615
410 1500
289 1698
659 1435
411 1501
349 1629
716 1414
768 18
622 1458
712 1417
373 1518
933 618
264 1716
58 1771
341 1637
660 1438
702 1425
973 396
351 1633
436 1487
292 1703
718 1419
935 621
977 384
866 60
376 1523
418 1497
715 1423
267 1722
703 1431
937 624
344 1643
978 393
431 1490
762 9
355 1640
108 1775
722 1425
634 1460
423 1494
704 1436
379 1529
718 1429
940 629
347 1648
662 1450
271 1728
760 5
298 1712
724 1429
638 1461
942 632
705 1442
382 1534
663 1455
359 1647
1011 346
147 1770
274 1733
301 1717
944 635
722 1436
351 1655
728 1435
706 1447
646 1462
385 1539
149 1774
1000 387
362 1652
489 1538
277 1738
304 1722
730 1439
649 1463
877 40
948 641
354 1661
726 1442
664 1465
151 1778
1003 390
364 1656
707 1453
663 1466
388 1545
728 1445
280 1743
1019 441
153 1782
1001 600
357 1666
1006 395
708 1459
734 1446
709 1460
391 1550
310 1731
368 1663
283 1748
155 1786
1008 398
732 1451
157 1789
361 1673
734 1454
394 1555
313 1736
286 1753
1011 403
58 1815
1029 433
372 1670
735 1457
741 1455
288 1756
733 1458
1028 430
316 1741
721 1459
712 1472
364 1679
397 1561
164 1785
1033 378
375 1675
154 1802
1015 409
744 1459
291 1761
168 1783
367 1684
400 1566
1024 424
967 662
713 1479
377 1679
156 1806
1018 414
172 1781
294 1766
322 1750
158 1810
1020 417
634 1529
295 1769
520 1571
371 1691
176 1779
404 1573
714 1487
971 669
381 1686
160 1814
325 1755
743 1478
327 1758
374 1697
384 1691
162 1819
183 1775
715 1495
408 1580
975 676
386 1695
741 1484
164 1823
377 1702
187 1773
286 1780
1057 587
334 1754
740 1487
411 1586
716 1503
166 1827
979 683
191 1771
283 1776
338 1752
413 1589
390 1702
381 1709
168 1831
738 1493
195 1769
774 1473
342 1750
982 689
717 1511
393 1707
777 1474
308 1792
279 1770
281 1792
170 1836
719 1512
417 1596
1056 190
384 1715
736 1499
346 1748
780 1475
30 1863
395 1711
202 1765
981 695
1081 571
206 1772
735 1502
276 1766
172 1840
311 1798
738 1505
275 1795
387 1720
420 1602
785 1477
206 1763
651 1561
174 1844
353 1744
980 701
737 1508
211 1769
272 1797
733 1508
422 1605
399 1718
272 1760
314 1803
731 1513
389 1725
210 1761
736 1512
791 1479
357 1742
176 1849
976 704
401 1721
1008 75
1091 375
177 1850
386 1727
269 1756
217 1766
214 1759
266 1800
1093 258
361 1740
710 1535
317 1809
1026 683
972 706
426 1612
796 1481
220 1764
380 1730
219 1756
261 1803
365 1738
407 1726
727 1534
408 1717
1074 174
184 1846
265 1750
320 1814
802 1483
964 706
223 1754
408 1731
1023 697
728 1539
227 1760
738 1533
370 1735
262 1746
413 1714
374 1733
745 1528
254 1807
323 1820
227 1752
1108 374
256 1747
257 1813
191 1842
1033 82
729 1544
417 1712
1022 61
233 1757
187 1867
742 1539
749 1531
258 1740
231 1750
251 1747
730 1548
259 1818
697 1565
248 1810
196 1839
421 1710
1032 703
1114 370
327 1827
189 1871
260 1821
745 1543
235 1748
753 1534
238 1754
247 1749
200 1837
731 1553
190 1874
243 1813
1118 368
261 1824
1105 619
1122 453
1004 731
330 1833
428 1706
397 1759
732 1558
192 1878
749 1549
205 1834
263 1829
242 1822
1123 365
432 1704
733 1562
236 1817
333 1838
194 1882
209 1832
359 1824
752 1553
1127 363
1137 309
265 1835
196 1886
734 1567
235 1826
838 1471
214 1829
266 1838
336 1844
439 1700
229 1821
756 1559
219 1835
1141 313
735 1572
231 1828
678 1607
198 1891
1134 359
1004 750
1050 720
218 1827
443 1698
436 1754
1043 727
268 1843
222 1833
339 1849
755 1564
200 1895
269 1846
1145 319
359 1842
1140 355
270 1849
754 1569
202 1899
742 1578
342 1855
450 1694
1148 323
1144 353
1084 84
1144 603
460 1715
447 1757
204 1903
753 1574
454 1692
272 1854
1143 611
344 1860
766 1572
852 1484
748 1576
268 1857
683 1622
1135 180
1149 350
368 1850
452 1759
341 1862
1152 329
1146 614
206 1908
1145 204
1156 430
768 1576
380 1844
1165 553
274 1860
854 1489
1095 84
461 1688
338 1864
271 1863
1153 348
466 1685
180 1923
470 1712
1155 333
275 1863
208 1912
382 1848
621 1660
471 1711
458 1761
771 1581
471 1714
1042 757
856 1494
1068 737
1150 620
1018 772
333 1867
277 1867
210 1916
384 1852
411 1829
360 1868
773 1585
1152 623
871 1478
274 1870
471 1719
1160 344
1159 339
858 1499
330 1869
279 1871
212 1920
386 1856
1169 246
463 1754
775 1589
774 1590
1177 461
414 1835
363 1873
416 1834
1155 628
277 1876
1185 498
325 1872
470 1726
465 1750
214 1925
416 1838
215 1926
1140 131
776 1595
1070 754
283 1878
390 1863
366 1878
464 1746
50 1964
1159 634
187 1942
1179 355
209 1934
1180 244
280 1883
469 1733
319 1876
886 1478
754 1613
392 1867
419 1844
1161 637
369 1883
1183 242
222 1922
1182 358
287 1885
478 1748
450 1803
890 1476
779 1604
314 1879
1186 240
283 1889
395 1872
422 1849
1194 460
226 1920
745 1624
213 1941
1164 642
145 1963
758 1619
372 1888
15 1975
311 1881
452 1808
895 1474
781 1609
1186 364
397 1876
230 1918
1195 586
215 1945
291 1892
781 1611
760 1623
286 1895
1095 18
425 1855
233 1921
292 1893
1176 172
375 1893
748 1630
1188 367
1201 456
286 1897
1168 648
306 1884
900 1472
399 1880
458 1811
284 1898
763 1628
1170 651
427 1860
378 1898
219 1952
1191 372
432 1859
903 1468
751 1636
776 1618
301 1887
402 1885
1214 528
241 1919
461 1817
765 1632
1208 452
648 1696
278 1901
766 1633
1217 519
1173 656
221 1956
434 1863
607 1713
381 1903
404 1889
245 1917
773 1623
427 1868
1195 378
754 1642
907 1462
464 1823
769 1629
1058 804
436 1867
224 1961
272 1904
249 1915
437 1868
1215 448
1197 381
1217 452
384 1908
1177 662
910 1457
1212 606
408 1896
226 1965
1062 808
253 1913
441 1866
269 1909
467 1829
1200 386
1194 153
266 1907
1180 667
287 1920
410 1900
1222 444
228 1969
388 1915
257 1911
445 1864
444 1875
264 1911
1182 670
1065 814
412 1904
1225 442
489 1823
1204 392
449 1862
1184 673
231 1974
1067 817
391 1920
291 1927
414 1908
1241 517
1228 437
453 1860
233 1978
1207 397
936 1479
293 1931
1187 678
492 1829
173 2001
394 1925
1070 823
1230 434
1232 361
235 1982
295 1935
418 1915
1193 103
1229 431
940 1482
935 1453
1040 824
163 2009
397 1930
937 1453
1211 403
495 1835
237 1985
1073 828
1191 684
539 1761
1177 63
297 1939
420 1919
496 1838
1213 406
467 1873
1193 687
467 1878
1227 649
1036 829
408 1930
400 1935
52 2029
1076 833
1224 424
493 1840
532 1803
300 1944
471 1874
423 1924
244 1981
469 1881
1256 470
1216 411
1078 836
1196 692
1241 203
469 1883
1208 105
1222 420
474 1875
403 1940
302 1948
425 1928
488 1843
1036 837
294 1952
1198 695
1242 389
466 1885
1037 838
245 1997
1244 206
1265 496
1228 142
251 1977
955 1452
304 1952
427 1932
291 1954
1039 835
1083 843
247 2001
407 1947
461 1888
429 1935
481 1847
1202 701
306 1956
1247 212
482 1868
286 1957
935 1428
409 1950
935 1427
258 1973
1093 844
1087 848
1261 611
250 2006
933 1427
308 1960
763 1705
937 1426
1205 706
1040 851
454 1892
1250 218
436 1931
412 1955
1264 614
303 1966
252 2010
1090 852
1207 709
279 1961
311 1965
430 1948
769 1701
1209 712
266 1968
414 1960
441 1928
977 1466
1253 224
1267 619
974 1451
306 1972
1094 857
313 1969
685 1757
256 2017
773 1699
270 1966
445 1926
451 1905
308 1975
1212 717
315 1973
1288 470
1256 230
1098 862
448 1924
1271 626
1289 570
778 1696
317 1977
260 2024
447 1921
445 1908
311 1981
1216 723
1101 866
218 2044
1259 236
319 1981
783 1693
1218 726
663 1781
609 1798
75 2073
1275 633
621 1796
1244 707
992 1450
1103 871
314 1987
264 2031
787 1691
1242 74
997 1465
1262 242
322 1986
665 1786
1221 731
413 1983
1000 1460
317 1992
1279 640
1223 734
324 1990
1105 878
410 1985
793 1687
268 2038
1004 1464
1151 848
668 1792
1266 249
326 1994
407 1987
1294 192
320 1998
1107 883
797 1685
1227 740
1283 647
328 1998
1269 255
272 2045
565 1866
801 1682
671 1800
1265 712
1011 1449
401 1991
451 1982
728 1777
1109 890
1230 745
330 2002
670 1802
324 2005
1304 209
1301 641
587 1843
1287 654
730 1780
1303 180
1232 748
1272 261
1110 894
788 1749
590 1842
69 2100
276 2052
1270 78
395 1995
333 2007
732 1783
664 1805
327 2011
809 1676
1111 898
790 1753
818 1712
1274 706
734 1786
1275 267
1291 661
335 2011
1236 754
390 1998
459 1992
102 2105
597 1838
792 1757
280 2059
1028 1463
735 1789
1278 704
658 1808
330 2017
337 2015
1145 886
1317 222
1029 1448
816 1671
1239 759
601 1836
1278 273
794 1761
423 2016
1295 668
384 2002
339 2019
333 2022
1035 1462
1241 762
1271 738
264 2075
652 1811
188 2100
284 2066
605 1834
796 1765
58 2118
741 1796
285 2067
609 1842
1311 135
1281 279
1243 765
341 2023
1148 894
1112 914
742 1798
1287 698
467 2002
609 1832
798 1769
378 2006
336 2028
1299 675
725 1798
343 2027
1260 759
648 1820
1291 696
838 1696
1283 284
1113 919
1246 770
344 2028
58 2126
1045 1461
613 1830
1252 767
800 1773
449 2020
292 2062
338 2033
373 2009
742 1806
1165 892
1047 1463
1332 172
829 1660
1303 682
617 1828
802 1777
335 2035
296 2060
642 1823
370 2011
589 1897
1250 776
771 1797
832 1658
1347 619
622 1834
475 2012
453 2026
1282 293
1278 756
351 2023
332 2037
367 2013
804 1781
1300 690
1305 687
715 1807
1252 779
850 1700
1135 923
1143 918
592 1901
455 2029
836 1655
1056 1451
6 2139
741 1817
852 1702
635 1827
303 2055
375 2029
806 1785
356 2020
327 2040
1285 759
629 1830
1255 784
595 1905
458 2034
1281 303
324 2042
307 2053
808 1790
457 2036
1257 787
483 2022
854 1709
1359 631
763 1819
845 1648
652 1852
705 1816
87 2148
810 1794
763 1821
740 1828
1261 790
600 1912
452 2039
318 2046
1261 793
632 1875
611 1904
653 1856
856 1716
1280 313
812 1798
326 2058
1360 175
1049 1490
603 1916
1123 949
447 2042
295 2106
654 1860
857 1720
1349 265
1377 602
814 1802
1264 798
1077 1450
655 1861
491 2032
739 1838
618 1902
854 1641
637 1882
1125 954
1266 801
1049 1497
695 1825
816 1806
442 2045
1279 322
620 1908
859 1725
608 1923
622 1901
1320 308
1047 1498
1268 804
1150 949
1338 718
818 1810
869 1725
1327 40
611 1927
863 1731
882 1681
884 1691
440 2055
738 1849
861 1733
661 1872
1359 275
1271 809
820 1814
629 1899
863 1634
1365 130
1278 332
484 2054
501 2044
685 1834
822 1818
1204 923
863 1738
616 1934
1275 815
432 2057
650 1895
668 1876
504 2048
1038 1510
1204 927
824 1822
1099 1449
435 2064
675 1849
737 1860
1277 818
1390 194
619 1938
1100 1447
1277 342
872 1627
874 1741
429 2053
826 1827
1100 1444
1357 712
99 2184
315 2129
875 1744
670 1885
1090 1503
509 2054
675 1880
1386 147
1401 630
866 1749
1280 823
316 2131
1188 951
675 1884
876 1747
672 1888
511 2057
300 2141
624 1945
1361 716
1282 826
877 1750
736 1871
1407 633
831 1834
881 1620
674 1892
868 1756
682 1884
288 2152
627 1949
1408 631
1364 720
679 1890
662 1908
878 1754
1115 1443
495 2076
732 1874
414 2064
181 2186
1286 832
869 1760
834 1839
1407 627
1029 1530
1367 724
414 2072
678 1898
682 1895
498 2080
880 1760
689 1888
519 2067
1289 837
258 2172
871 1765
632 1956
726 1878
1027 1534
1405 622
890 1613
1100 1520
1370 728
680 1902
501 2084
901 1626
890 1611
1291 840
1026 1537
882 1766
686 1901
635 1960
351 2132
840 1848
721 1881
409 2081
1418 224
1403 617
696 1892
405 2076
504 2088
348 2138
873 1773
1024 1541
888 1606
883 1770
1132 1442
674 1921
1375 735
409 2085
403 2073
1423 192
1295 846
689 1906
1331 362
717 1884
527 2077
1401 612
701 1895
886 1602
1385 319
1332 364
844 1854
875 1778
1022 1546
640 1967
358 2128
1409 114
401 2070
413 2088
691 1909
885 1776
1378 739
1333 366
1020 1547
1298 851
509 2095
1399 607
913 1618
1334 368
1402 80
693 1912
671 1940
362 2126
711 1888
643 1971
673 1930
766 1899
415 2092
847 1859
1407 90
398 2065
1300 854
1335 370
1381 743
672 1938
887 1782
512 2099
1365 352
1387 30
1397 602
366 2124
1077 1558
417 2096
692 1921
170 2218
1302 857
1337 373
1383 746
1437 202
535 2087
888 1785
878 1789
367 2122
388 2084
395 2060
1338 375
1408 72
1428 133
710 1908
1304 860
648 1978
359 2154
1150 1441
419 2100
852 1866
696 1919
1008 1549
1395 597
1339 377
366 2119
889 1789
1386 750
393 2097
384 2086
517 2106
1215 988
711 1911
932 1625
365 2116
1358 369
944 1656
890 1792
1183 1011
1341 380
880 1796
421 2104
651 1982
700 1917
1342 838
1307 865
1393 592
946 1656
1157 1475
855 1871
1389 754
708 1913
689 1940
380 2088
300 2194
520 2110
387 2100
241 2215
1344 841
881 1800
105 2239
1309 868
543 2097
948 1659
338 2180
915 1586
892 1798
998 1551
1407 36
1400 19
1391 587
1392 758
376 2090
1177 1016
1346 844
1187 1018
1311 871
656 1989
893 1801
382 2103
1099 1569
883 1805
1393 353
1021 1577
1103 1568
1115 1561
722 1924
372 2092
525 2117
1389 582
917 1580
1167 1440
861 1880
894 1805
1349 849
372 2167
659 1993
1172 1020
1314 876
1190 1024
719 1926
1397 765
368 2094
895 1808
528 2121
1171 1023
1387 577
919 1575
1316 879
551 2107
1463 202
864 1885
986 1553
1463 190
928 1581
814 1914
1352 854
136 2251
1120 1568
1192 1029
364 2096
1400 769
714 1929
1173 1027
887 1816
801 1924
664 2000
897 1814
1385 572
1468 211
1466 603
922 1569
383 2166
360 2098
1320 885
1123 1573
533 2128
1224 1015
1403 773
1175 1031
329 2207
1463 686
1356 860
1195 1035
1451 298
869 1892
365 2189
384 2164
667 2004
977 1555
889 1822
1242 1005
1383 567
107 2263
1184 1439
558 2116
356 2100
1405 777
899 1821
1177 1035
536 2132
344 2205
924 1563
1323 890
795 1936
1170 1531
1359 865
872 1897
345 2207
891 1827
1198 1041
1381 562
352 2102
1128 1580
742 1949
1242 1013
1325 893
346 2209
1179 1040
831 1924
672 2011
901 1827
939 1567
347 2211
927 1557
1479 243
1327 896
377 2155
228 2254
893 1832
1200 1046
541 2139
218 2257
1379 557
1363 871
348 2213
1131 1585
876 1903
1181 1044
384 2151
1163 1557
833 1929
675 2015
349 2215
1247 1019
903 1833
1198 1444
1365 874
569 2108
53 2281
977 1617
544 2143
1330 901
895 1837
350 2217
1183 1048
1377 552
1248 1022
972 1585
927 1549
677 2019
929 1549
351 2219
1367 877
835 1934
1166 1562
904 1837
1202 1438
750 1960
883 1899
546 2147
1136 1592
229 2264
352 2221
834 1936
897 1842
1461 742
1375 547
675 2023
1168 1565
1474 92
353 2223
983 1612
1334 907
576 2103
1202 1059
1419 539
354 2225
542 2150
313 2243
1139 1597
673 2027
829 1939
899 1847
1336 910
1371 885
1211 1449
1373 542
20 2294
911 1843
729 1979
890 1895
1171 1570
580 2100
1252 1034
1206 1512
1472 740
538 2153
1373 889
671 2032
1203 1067
1253 1037
1201 1532
212 2280
824 1942
1339 915
1371 537
1174 1575
1465 758
585 2097
1254 1040
534 2156
917 1848
1375 893
1341 918
897 1891
669 2036
1219 1437
1176 1578
1202 1073
1369 532
1255 1043
819 1945
395 2216
1343 921
1377 897
530 2159
670 2041
667 2040
1256 1046
1369 444
902 1888
1201 1078
564 2163
1345 924
572 2158
1367 527
109 2306
923 1853
1227 1480
296 2269
814 1948
593 2091
1379 901
526 2162
743 1991
1258 1051
906 1886
661 2044
1365 522
1381 905
1200 1084
1259 1054
568 2168
1204 1563
809 1951
1348 930
598 2088
522 2165
929 1858
658 2046
221 2298
33 2318
1383 909
1236 1436
1363 517
171 2310
913 1882
430 2205
518 2168
804 1954
927 1866
654 2049
752 1985
1196 1091
1350 937
573 2174
1385 913
581 2169
1262 1062
864 1963
1463 516
274 2292
1361 512
606 2082
514 2171
918 1879
583 2172
756 1983
799 1957
1235 1526
1194 1095
1387 917
1352 942
932 1871
1469 799
437 2200
577 2179
648 2053
1359 508
1219 1562
922 1877
204 2315
510 2174
611 2079
357 2269
1192 1099
929 1873
732 2037
794 1960
1354 947
1357 504
762 1979
644 2056
254 2308
442 2197
506 2177
1190 1103
195 2323
589 2180
1254 1435
582 2185
950 1860
1226 1569
1267 1077
1355 500
766 1977
503 2179
736 2043
1227 1571
1188 1107
1356 954
638 2060
954 1861
786 1965
1353 496
1423 453
586 2190
738 2046
1269 1082
499 2182
878 1980
622 2071
1186 1111
772 1973
1358 959
634 2063
1270 1085
595 2188
1266 1453
781 1968
880 1983
495 2185
1184 1115
918 1962
776 1971
742 2052
591 2196
1360 964
253 2327
963 1855
1271 1434
1182 1119
491 2188
339 2302
884 1989
601 2196
1274 1095
1427 864
595 2201
467 2206
331 2308
746 2058
1277 1465
968 1852
1362 971
487 2191
597 2202
1236 1588
1180 1126
748 2061
888 1995
447 2250
1282 1456
1398 954
1364 976
483 2194
973 1849
1430 871
599 2207
1179 1131
607 2204
1271 1544
1399 958
1247 1125
752 2067
476 2199
443 2262
1366 981
1182 1136
892 2001
978 1846
1400 961
1288 1433
751 2069
1178 1136
594 2211
1274 1547
1433 878
1274 1550
1237 1603
1401 965
1253 1129
1287 1107
1228 1606
1252 1131
895 2006
456 2260
1435 882
613 2212
1368 988
1402 968
984 1842
589 2215
744 2068
606 2219
1403 972
1437 887
988 1840
1370 993
585 2218
899 2012
609 2223
1404 975
989 1838
619 2220
1238 1617
1372 998
1405 979
1229 1619
612 2227
987 1834
1306 1432
580 2222
903 2018
1406 983
1263 1144
1300 1119
1274 1569
985 1830
615 2231
946 1996
1439 899
1407 986
1374 1005
575 2226
1200 1165
1002 1835
625 2228
907 2024
983 1826
1272 1574
618 2235
1408 990
1376 1010
571 2229
1239 1631
1269 1151
1309 1121
950 2003
981 1822
994 1820
910 2029
771 2096
1270 1579
621 2239
1441 909
1445 908
1009 1831
1312 1122
1410 997
996 1818
1324 1479
1323 1431
1462 904
631 2236
566 2233
1200 1177
1020 1859
624 2243
1268 1584
1013 1829
1274 1157
954 2010
914 2035
480 2285
1377 1021
775 2103
562 2236
1002 1815
1412 1004
627 2247
1017 1827
1024 1863
1205 1181
1266 1589
1317 1559
1378 1025
1323 1125
1240 1646
1413 1008
1443 921
637 2244
1279 1163
918 2041
1414 1009
958 2017
1021 1825
557 2240
482 2293
630 2251
1242 1647
1308 1580
1027 1867
1008 1812
779 2110
1264 1594
1210 1185
487 2293
1025 1823
1340 1493
1230 1654
633 2255
1341 1430
1331 1127
552 2244
922 2047
1262 1599
1344 1478
962 2024
1014 1809
1342 1428
782 2116
643 2252
1445 931
1038 1864
1029 1821
636 2259
1380 1038
1335 1128
1425 1008
1260 1603
1040 1866
548 2247
964 2028
635 2261
925 2052
1033 1819
1219 1192
785 2121
1350 1436
1339 1129
1021 1805
927 2055
786 2124
1231 1666
1043 1871
631 2264
1037 1817
543 2251
967 2033
1223 1195
497 2304
649 2260
1286 1613
929 2058
788 2126
1344 1131
1381 1048
1447 943
1278 1186
1357 1432
1041 1815
969 2037
1027 1802
539 2254
1046 1876
1382 1051
626 2268
1389 1050
954 2049
1228 1199
1349 1129
1363 1445
1363 1480
1045 1813
933 2064
792 2133
1352 1128
655 2268
1049 1881
622 2271
1033 1799
534 2258
1285 1623
1232 1202
1364 1428
973 2044
536 2263
1449 953
1030 1791
1049 1811
1365 1426
1370 1446
1383 1061
1357 1126
1232 1683
937 2070
1286 1628
795 2139
1052 1886
659 2273
617 2275
529 2262
1053 1809
532 2266
1039 1796
1237 1206
1384 1064
1268 1198
1367 1421
1054 1807
977 2051
661 2276
1362 1124
529 2268
940 2075
613 2278
798 2144
1055 1891
1377 1447
525 2265
1054 1804
1378 1448
1052 1803
1365 1123
1040 1785
1045 1793
1375 1469
1253 1689
1451 965
1369 1416
1244 1204
942 2078
526 2271
1277 1208
801 2149
1058 1896
981 2058
1259 1200
608 2282
1048 1796
520 2269
1248 1203
1385 1075
1370 1121
667 2284
1371 1411
1377 1455
1474 965
1381 1418
946 2084
1061 1901
531 2278
1387 1501
603 2286
1453 975
1373 1406
1376 1119
805 2156
985 2065
1079 1818
533 2282
1271 1652
1064 1906
950 2090
987 2068
599 2289
1391 1465
673 2292
1375 1401
1381 1117
1444 1062
1383 1404
808 2162
1393 1467
1084 1816
1376 1399
1395 1495
1272 1658
1340 1201
1374 1398
1387 1122
1067 1911
1385 1115
1386 1402
594 2293
1254 1711
810 2165
954 2096
538 2289
1455 987
1372 1398
994 2064
1341 1204
1079 1791
1090 1813
1397 1537
955 2099
1395 1474
1445 1072
1373 1392
590 2296
1070 1916
1273 1664
540 2293
1342 1207
1378 1391
1078 1788
953 2100
984 2085
1402 1413
1373 1390
1386 1393
1397 1486
1400 1540
814 2172
1361 1197
1399 1485
1403 1411
1095 1811
1397 1479
685 2282
1398 1483
631 2324
1387 1389
1073 1921
1457 997
1274 1670
585 2300
1379 1385
1233 1725
1075 1783
1098 1809
947 2103
688 2280
1363 1202
545 2300
1232 1727
1380 1382
1403 1546
1388 1385
817 2178
540 2304
1415 1459
581 2303
1076 1926
963 2110
816 2180
838 2167
1405 1549
547 2304
971 2107
542 2307
1389 1381
1365 1207
941 2106
1105 1805
1419 1419
1364 1209
939 2107
1255 1733
812 2183
1407 1553
1079 1931
576 2307
1390 1377
966 2115
701 2300
1459 1009
1256 1734
545 2311
1362 1209
841 2172
947 2117
1374 1206
1382 1372
937 2104
1396 1184
698 2272
1391 1373
547 2314
1111 1802
1460 1013
1397 1186
949 2121
1369 1215
1410 1558
1082 1936
807 2187
1425 1411
969 2120
553 2313
571 2311
546 2316
844 2177
1114 1800
995 2107
1214 1729
838 2185
934 2098
951 2125
1234 1746
1392 1367
1266 1733
1371 1220
803 2190
704 2267
1384 1363
542 2319
847 2181
1085 1941
1403 1385
1009 2103
1413 1564
1210 1730
711 2273
973 2127
953 2129
1120 1797
707 2265
1462 1023
849 2184
1010 2106
1393 1361
538 2322
798 2194
1088 1946
930 2091
1123 1795
1011 2109
851 2187
955 2133
1419 1382
976 2132
1230 1756
1374 1229
1276 1732
1394 1356
917 2107
717 2268
919 2118
1385 1352
713 2260
533 2326
724 2301
957 2137
1091 1951
793 2198
1446 1120
927 2085
854 2192
1129 1792
1464 1033
1376 1234
832 2208
1448 1121
716 2258
1386 1348
529 2329
980 2139
955 2143
1132 1790
953 2144
789 2201
723 2263
1094 1956
1286 1731
924 2079
1395 1345
1016 2122
792 2209
1378 1241
836 2214
1386 1238
983 2144
922 2076
1138 1787
1097 1961
784 2205
1466 1043
1187 1729
960 2150
861 2202
729 2258
1379 1245
725 2251
1388 1337
839 2218
908 2083
1141 1785
1387 1243
1424 1588
1023 2124
1210 1770
1386 1336
1402 1357
780 2208
737 2290
1100 1966
1296 1730
919 2070
1396 1335
987 2151
1384 1337
864 2207
963 2155
1388 1248
1462 1532
1212 1774
1383 1339
735 2253
910 2072
1028 2126
741 2287
1147 1782
1385 1330
1381 1253
1468 1053
1457 1142
844 2225
775 2212
1103 1971
1469 1122
802 2221
990 2156
916 2064
966 2160
1214 1778
1389 1253
1150 1780
734 2244
1470 1120
748 2288
1306 1729
869 2214
804 2224
1469 1536
1024 2140
1475 1427
1470 1535
741 2248
1106 1976
745 2330
1216 1782
770 2216
1036 2129
885 2105
1390 1258
1383 1261
1470 1538
913 2059
1476 1425
849 2232
1156 1777
1469 1063
994 2163
1477 1512
753 2284
872 2219
971 2167
766 2219
751 2279
1218 1787
1109 1981
746 2244
1000 2163
1159 1775
1391 1264
1176 1766
1042 2127
1384 1267
910 2053
1392 1265
1316 1728
973 2171
997 2168
744 2236
1383 1269
853 2238
1045 2126
1220 1791
811 2233
1391 1312
802 2238
892 2064
758 2280
1381 1269
1112 1986
761 2223
852 2240
1165 1772
1397 1264
1475 1154
1380 1267
752 2239
1401 1330
1222 1795
1412 1619
1398 1262
906 2046
1477 1156
1386 1276
1051 2124
757 2226
1470 1100
763 2276
750 2231
1394 1274
1001 2175
758 2319
1474 1100
1115 1991
1400 1270
978 2178
880 2230
796 2243
761 2271
1326 1727
846 2244
1470 1556
1224 1799
1134 1981
1399 1275
811 2245
1116 1994
1219 1803
980 2182
762 2316
903 2040
843 2246
819 2243
1004 2180
1226 1803
883 2235
1113 1996
791 2247
769 2271
1138 1984
814 2249
1435 1250
1062 2136
839 2249
1230 1801
981 2189
1336 1726
1388 1293
900 2034
1142 1987
817 2253
824 2249
786 2251
1107 1999
774 2267
1008 2187
888 2242
1234 1799
773 2261
1042 2171
833 2253
982 2196
1146 1990
820 2257
1342 1749
777 2263
827 2253
1011 2192
781 2255
779 2263
961 2205
774 2306
779 2313
891 2247
1044 2174
1346 1725
1048 2172
1469 1576
823 2261
1150 1993
1111 2014
1013 2197
1400 1302
957 2208
1024 2191
778 2303
1109 2015
825 2265
1477 1382
1154 1996
1352 1752
1010 2199
955 2212
896 2254
1053 2179
1356 1724
1007 2201
1102 2017
950 2213
1357 1754
1159 2000
819 2270
899 2259
995 2209
786 2296
981 2218
1361 1756
1478 1371
1163 2003
1001 2205
789 2294
861 2285
902 2263
944 2217
1366 1723
1364 1757
814 2274
1468 1597
976 2222
1167 2006
1059 2192
1368 1759
940 2220
909 2262
809 2278
972 2225
1171 2009
1013 2222
909 2271
862 2296
1373 1761
1376 1722
1411 1673
799 2286
934 2224
968 2228
1175 2012
1116 2045
917 2261
1479 1354
915 2271
1379 1718
918 2259
930 2227
964 2231
1180 2016
1067 2208
1467 1617
1404 1682
1388 1746
960 2234
1384 1711
933 2241
913 2252
923 2232
1391 1749
1187 2018
1478 1622
1401 1687
1152 2049
956 2237
920 2234
897 2305
918 2244
1192 2020
1389 1704
952 2240
1395 1755
916 2237
935 2275
939 2250
1391 1701
860 2323
948 2243
1198 2022
1398 1760
1403 1701
1466 1638
1160 2062
1203 2024
1046 2249
1402 1766
1210 2026
1405 1771
1480 1316
1136 2084
1407 1774
1215 2028
1062 2253
1429 1720
923 2321
1182 2068
1135 2090
1431 1721
1003 2279
968 2282
1220 2030
1410 1779
1409 1781
1071 2258
1220 2040
1134 2097
1479 1266
1405 1784
1227 2032
1401 1787
1133 2104
1232 2034
1435 1774
1480 1291
1132 2111
1464 1679
1218 2077
1445 1782
1461 1721
1234 2063
1462 1719
1399 1810
976 2328
1397 1814
1033 2313
1395 1818
1463 1699
1410 1821
1262 2036
1030 2318
1466 1779
1393 1822
1089 2300
1450 1810
1271 2037
1232 2099
1208 2118
1174 2139
1040 2330
1282 2038
1449 1827
1282 2059
1145 2289
1202 2142
1294 2037
1159 2166
1435 1853
1154 2291
1448 1844
1437 1858
1163 2173
1299 2063
1162 2293
1307 2036
1301 2065
1237 2140
1439 1864
1166 2294
1312 2038
1167 2180
1313 2032
1304 2071
1170 2295
1441 1870
1220 2161
1242 2148
1442 1873
1317 2030
1170 2186
1174 2296
1447 1861
1222 2165
1307 2077
1172 2189
1178 2297
1444 1879
1323 2026
1173 2313
1445 1880
1225 2170
1247 2157
1446 1878
1183 2299
1176 2196
1327 2024
1228 2175
1333 2020
1252 2166
1192 2301
1231 2181
1399 1899
1337 2018
1234 2186
1200 2303
1257 2175
1202 2304
1343 2014
1203 2302
1237 2191
1259 2179
1347 2012
1200 2326
1398 1915
1200 2297
1261 2183
1241 2198
1352 2009
1359 2027
1197 2292
1265 2190
1244 2204
1357 2006
1194 2287
1268 2195
1247 2209
1362 2003
1437 1931
1270 2199
1190 2281
1250 2214
1367 2000
1260 2210
1188 2277
1273 2204
1372 1997
1254 2221
1275 2208
1407 1946
1451 1943
1377 1994
1386 2013
1405 1950
1278 2213
1257 2227
1389 2016
1382 1991
1403 1954
1259 2230
1280 2217
1386 1989
1401 1958
1392 2022
1387 1987
1283 2222
1263 2237
1399 1962
1402 2012
1285 2226
1395 2028
1390 1981
1397 1967
1287 2229
1267 2244
1398 2034
1395 1971
1291 2227
1409 2023
1393 1975
1270 2250
1406 1978
1295 2225
1269 2252
1401 2040
1467 1973
1299 2223
1402 2043
1283 2249
1287 2249
1303 2221
1401 2047
1307 2219
1400 2052
1311 2217
1287 2328
1399 2057
1292 2293
1315 2215
1398 2061
1319 2213
1397 2066
1323 2211
1396 2071
1303 2331
1327 2209
1395 2075
1326 2206
1394 2080
1324 2202
1322 2198
1336 2264
1346 2203
1344 2197
1348 2197
1402 2098
1439 2088
1400 2105
1399 2108
1398 2112
1350 2299
1397 2116
1395 2123
1394 2127
1383 2263
1392 2134
1381 2177
1390 2141
1389 2145
1387 2299
1386 2156
1441 2158
1430 2204
1414 2328
1468 2230
1448 2325
1472 2281
