29.1204 28.1603 27.2029 26.2488 25.2982 24.3516 23.4094 22.4722 21.5407 20.6155 19.6977 18.7883 17.8885 17 16.1245 15.2643 14.4222 13.6015 12.8062 12.0416 11.3137 10.6301 10 9.43398 8.94427 8.544 8.24621 8.06226 8 8.06226 8.24621 8.544 8.94427 9.43398 10 10.6301 11.3137 12.0416 12.8062 13.6015 
28.8617 27.8927 26.9258 25.9615 25 24.0416 23.0868 22.1359 21.1896 20.2485 19.3132 18.3848 17.4642 16.5529 15.6525 14.7648 13.8924 13.0384 12.2066 11.4018 10.6301 9.89949 9.21954 8.60233 8.06226 7.61577 7.28011 7.07107 7 7.07107 7.28011 7.61577 8.06226 8.60233 9.21954 9.89949 10.6301 11.4018 12.2066 13.0384 
28.6356 27.6586 26.6833 25.7099 24.7386 23.7697 22.8035 21.8403 20.8806 19.9249 18.9737 18.0278 17.088 16.1555 15.2315 14.3178 13.4164 12.53 11.6619 10.8167 10 9.21954 8.48528 7.81025 7.2111 6.7082 6.32456 6.08276 6 6.08276 6.32456 6.7082 7.2111 7.81025 8.48528 9.21954 10 10.8167 11.6619 12.53 
28.4429 27.4591 26.4764 25.4951 24.5153 23.5372 22.561 21.587 20.6155 19.6469 18.6815 17.72 16.7631 15.8114 14.8661 13.9284 13 12.083 11.1803 10.2956 9.43398 8.60233 7.81025 7.07107 6.40312 5.83095 5.38516 5.09902 5 5.09902 5.38516 5.83095 6.40312 7.07107 7.81025 8.60233 9.43398 10.2956 11.1803 12.083 
28.2843 27.2947 26.3059 25.318 24.3311 23.3452 22.3607 21.3776 20.3961 19.4165 18.4391 17.4642 16.4924 15.5242 14.5602 13.6015 12.6491 11.7047 10.7703 9.84886 8.94427 8.06226 7.2111 6.40312 5.65685 5 4.47214 4.12311 4 4.12311 4.47214 5 5.65685 6.40312 7.2111 8.06226 8.94427 9.84886 10.7703 11.7047 
28.1603 27.1662 26.1725 25.1794 24.1868 23.1948 22.2036 21.2132 20.2237 19.2354 18.2483 17.2627 16.2788 15.2971 14.3178 13.3417 12.3693 11.4018 10.4403 9.48683 8.544 7.61577 6.7082 5.83095 5 4.24264 3.60555 3.16228 3 3.16228 3.60555 4.24264 5 5.83095 6.7082 7.61577 8.544 9.48683 10.4403 11.4018 
28.0713 27.074 26.0768 25.0799 24.0832 23.0868 22.0907 21.095 20.0998 19.105 18.1108 17.1172 16.1245 15.1327 14.1421 13.1529 12.1655 11.1803 10.198 9.21954 8.24621 7.28011 6.32456 5.38516 4.47214 3.60555 2.82843 2.23607 2 2.23607 2.82843 3.60555 4.47214 5.38516 6.32456 7.28011 8.24621 9.21954 10.198 11.1803 
28.0179 27.0185 26.0192 25.02 24.0208 23.0217 22.0227 21.0238 20.025 19.0263 18.0278 17.0294 16.0312 15.0333 14.0357 13.0384 12.0416 11.0454 10.0499 9.05539 8.06226 7.07107 6.08276 5.09902 4.12311 3.16228 2.23607 1.41421 1 1.41421 2.23607 3.16228 4.12311 5.09902 6.08276 7.07107 8.06226 9.05539 10.0499 11.0454 
28 27 26 25 24 23 22 21 20 19 18 17 16 15 14 13 12 11 10 9 8 7 6 5 4 3 2 1 0 1 2 3 4 5 6 7 8 9 10 11 
28.0554 27.0623 26.0711 25.0828 24.099 23.1231 22.1623 21.2361 20.4142 inf inf inf inf inf inf inf inf inf inf inf inf inf inf inf inf inf inf 1.41421 1 1.41421 inf inf 4.41421 5.23607 6.08276 7.07107 8.06226 9.05539 10.0499 11.0454 
28.2195 27.2462 26.2801 25.3246 24.3852 23.4721 22.6056 21.8284 21.2361 inf inf inf inf inf inf inf inf inf inf inf inf inf inf inf inf inf inf 2.23607 2 2.23607 inf inf 5.23607 5.82843 6.60555 7.47214 8.38516 9.32456 10.2801 11.1803 
28.4868 27.544 26.6158 25.7082 24.831 24 23.2426 22.6056 22.2361 inf inf 18.6056 17.6056 16.6056 15.6056 14.6056 13.6056 12.6056 11.6056 10.6056 9.60555 8.60555 7.60555 6.60555 5.60555 4.60555 3.60555 3.16228 3 3.16228 inf inf 6.23607 6.60555 7.24264 8 8.83095 9.7082 10.6158 11.544 
28.8489 27.9443 27.0623 26.2111 25.4031 24.6569 24 23.4721 23.2361 inf inf 18.6388 17.6412 16.644 15.6471 14.6509 13.6554 12.6609 11.6678 10.6766 9.68831 8.70457 7.72866 6.76783 5.84162 5 4.47214 4.12311 4 4.12311 inf inf 7.23607 7.47214 8 8.65685 9.40312 10.2111 11.0623 11.9443 
29.2956 28.434 27.6023 26.8102 26.0711 25.4031 24.831 24.3983 24.2361 inf inf 18.7383 17.7477 16.7585 15.7711 14.7859 13.8036 12.8251 11.8518 10.8857 9.93011 8.99072 8.07769 7.2111 6.43398 5.83095 5.38516 5.09902 5 5.09902 inf inf 8.23607 8.39835 8.83095 9.40312 10.0711 10.8102 11.6023 12.434 
29.8167 29 28.2195 27.4853 26.8102 26.2111 25.7082 25.3592 25.2361 inf inf 18.9026 17.9234 16.9472 15.9749 15.0073 14.0459 13.0924 12.1496 11.2213 10.3138 9.4365 8.60555 7.84819 7.2111 6.7082 6.32456 6.08276 6 6.08276 inf inf 9.23607 9.35917 9.7082 10.2111 10.8102 11.4853 12.2195 13 
30.4018 29.6301 28.8995 28.2195 27.6023 27.0623 26.6212 26.3351 26.2361 inf inf 19.1297 18.1658 17.207 16.2547 15.3103 14.3759 13.4544 12.5498 11.6678 10.8167 10.0087 9.26241 8.60233 8.06226 7.61577 7.28011 7.07107 7 7.07107 inf inf 10.2361 10.3351 10.6212 11.0623 11.6023 12.2195 12.8995 13.6301 
31.0416 30.3137 29.6301 29 28.434 27.9443 27.5606 27.3188 27.2361 inf inf 19.4169 18.4716 17.5339 16.6056 15.6886 14.7859 13.9012 13.0395 12.2079 11.4158 10.6766 10.0087 9.43398 8.94427 8.544 8.24621 8.06226 8 8.06226 inf inf 11.2361 11.3188 11.5606 11.9443 12.434 13 13.6301 14.3137 
31.7279 31.0416 30.4018 29.8167 29.2956 28.8518 28.5162 28.3071 28.2361 inf inf 19.761 18.8371 17.9234 17.022 16.1355 15.2675 14.4222 13.6056 12.8251 12.0908 11.4158 10.8167 10.2956 9.84886 9.48683 9.21954 9.05539 9 9.05539 inf inf 12.2361 12.3071 12.5162 12.8518 13.2956 13.8167 14.4018 15.0416 
32.4536 31.8062 31.2066 30.6619 30.1803 29.7801 29.4823 29.2983 29.2361 inf inf 20.1585 19.258 18.3704 17.498 16.644 15.8121 15.0073 14.2357 13.505 12.8251 12.2066 11.6619 11.1803 10.7703 10.4403 10.198 10.0499 10 10.0499 inf inf 13.2361 13.2983 13.4823 13.7801 14.1803 14.6619 15.2066 15.8062 
33.2127 32.6015 32.0384 31.53 31.0849 30.7229 30.4556 30.2915 30.2361 inf inf 20.6056 19.7301 18.8699 18.0278 17.207 16.4118 15.6471 14.9193 14.2357 13.6056 13.0384 12.53 12.083 11.7047 11.4018 11.1803 11.0454 11 11.0454 inf inf 14.2361 14.2915 14.4556 14.7229 15.0849 15.53 16.0384 16.6015 
34 33.4222 32.8924 32.4164 32.0064 31.6764 31.4341 31.2859 31.2361 inf inf 21.0984 20.2489 19.4169 18.6056 17.8182 17.0592 16.3335 15.6471 15.0073 14.4222 13.8924 13.4164 13 12.6491 12.3693 12.1655 12.0416 12 12.0416 12.4596 13.2814 15.2361 15.2859 15.4341 15.6764 16.0064 16.4164 16.8924 17.4222 
34.8114 34.2643 33.7648 33.3191 32.9408 32.6378 32.4164 32.2814 32.2361 inf inf 21.6333 20.8102 20.0068 19.2261 18.4716 17.7477 17.0592 16.4118 15.8114 15.2643 14.7648 14.3178 13.9284 13.6015 13.3417 13.1529 13.0384 13 13.0384 inf inf 16.2361 16.2814 16.4164 16.6378 16.9408 17.3191 17.7648 18.2643 
35.6433 35.1245 34.6525 34.2361 33.8852 33.6054 33.4016 33.2777 33.2361 inf inf 22.2066 21.41 20.6349 19.8844 19.1619 18.4716 17.8182 17.2047 16.6433 16.1245 15.6525 15.2315 14.8661 14.5602 14.3178 14.1421 14.0357 14 14.0357 inf inf 17.2361 17.2777 17.4016 17.6054 17.8852 18.2361 18.6525 19.1245 
36.4929 36 35.5539 35.1645 34.8375 34.5777 34.389 34.2745 34.2361 inf inf 22.8149 22.0446 21.2974 20.5761 19.8844 19.2261 18.6056 18.0278 17.4929 17 16.5529 16.1555 15.8114 15.5242 15.2971 15.1327 15.0333 15 15.0333 inf inf 18.2361 18.2745 18.389 18.5777 18.8375 19.1645 19.5539 20 
37.3576 36.8885 36.4676 36.1021 35.7963 35.5539 35.3782 35.2717 35.2361 inf inf 23.455 22.7105 21.9903 21.2974 20.6349 20.0068 19.4165 18.868 18.3576 17.8885 17.4642 17.088 16.7631 16.4924 16.2788 16.1245 16.0312 16 16.0312 inf inf 19.2361 19.2717 19.3782 19.5539 19.7963 20.1021 20.4676 20.8885 
38.2354 37.789 37.3916 37.0475 36.7602 36.5331 36.3688 36.2694 36.2361 inf inf 24.1238 23.4045 22.7105 22.0446 21.41 20.8087 20.2485 19.7231 19.2354 18.7883 18.3848 18.0278 17.72 17.4642 17.2627 17.1172 17.0294 17 17.0294 inf inf 20.2361 20.2694 20.3688 20.5331 20.7602 21.0475 21.3916 21.789 
39.1246 38.7003 38.3241 37.9991 37.7285 37.5149 37.3606 37.2673 37.2361 inf inf 24.8188 24.1238 23.455 22.8149 22.2066 21.6333 21.095 20.5913 20.1246 19.6977 19.3132 18.9737 18.6815 18.4391 18.2483 18.1108 18.0278 18 18.0278 inf inf 21.2361 21.2673 21.3606 21.5149 21.7285 21.9991 22.3241 22.7003 
40.0244 39.6208 39.2638 38.9561 38.7003 38.4987 38.3533 38.2655 38.2361 inf inf 25.5373 24.8658 24.2211 23.6056 23.0217 22.4722 21.9545 21.4709 21.0238 20.6155 20.2485 19.9249 19.6469 19.4165 19.2354 19.105 19.0263 19 19.0263 inf inf 22.2361 22.2655 22.3533 22.4987 22.7003 22.9561 23.2638 23.6208 
40.9338 40.5493 40.2097 39.9176 39.6752 39.4844 39.3468 39.2638 39.2361 inf inf 26.2771 25.6283 25.0065 24.4131 23.8537 23.3238 22.8254 22.3607 21.9317 21.5407 21.1896 20.8806 20.6155 20.3961 20.2237 20.0998 20.025 20 20.025 inf inf 23.2361 23.2638 23.3468 23.4844 23.6752 23.9176 24.2097 24.5493 
41.8516 41.4845 41.1609 40.883 40.6526 40.4715 40.341 40.2624 40.2361 inf inf 27.0363 26.4091 25.807 25.2389 24.6982 24.1868 23.7065 23.2594 22.8473 22.4722 22.1359 21.8403 21.587 21.3776 21.2132 21.095 21.0238 21 21.0238 inf inf 24.2361 24.2624 24.341 24.4715 24.6526 24.883 25.1609 25.4845 
42.7767 42.4257 42.1167 41.8516 41.6321 41.4598 41.3358 41.2611 41.2361 inf inf inf inf inf inf inf inf inf inf inf inf inf inf inf inf inf inf inf inf inf inf inf 25.2361 25.2611 25.3358 25.4598 25.6321 25.8516 26.1167 26.4257 
43.7083 43.372 43.0764 42.8231 42.6136 42.4493 42.3311 42.2599 42.2361 inf inf inf inf inf inf inf inf inf inf inf inf inf inf inf inf inf inf inf inf inf inf inf 26.2361 26.2599 26.3311 26.4493 26.6136 26.8231 27.0764 27.372 
44.6455 44.3229 44.0396 43.7971 43.5967 43.4397 43.3268 43.2588 43.2361 43.6503 44.4721 45.4721 46.4721 45.4721 44.4721 43.4721 42.4721 41.4721 40.4721 39.4721 38.4721 37.4721 36.4721 35.4721 34.4721 33.4721 32.4721 31.4721 30.4721 29.4721 28.4721 27.6503 27.2361 27.2588 27.3268 27.4397 27.5967 27.7971 28.0396 28.3229 
45.5877 45.2777 45.0058 44.7733 44.5813 44.4309 44.3229 44.2578 44.2361 44.4721 45.0645 45.8416 46.4999 45.5015 44.5034 43.5054 42.5078 41.5105 40.5137 39.5175 38.522 37.5275 36.5344 35.5432 34.5549 33.5712 32.5952 31.6344 30.7082 29.8416 29.0645 28.4721 28.2361 28.2578 28.3229 28.4309 28.5813 28.7733 29.0058 29.2777 
46.5343 46.2361 45.9747 45.7514 45.5671 45.4228 45.3193 45.2569 45.2361 45.3983 45.8416 46.4787 46.5829 45.5894 44.5967 43.6049 42.6143 41.6251 40.6377 39.6525 38.6702 37.6917 36.7183 35.7522 34.7967 33.8573 32.9443 32.067 31.2361 30.4787 29.8416 29.3983 29.2361 29.2569 29.3193 29.4228 29.5671 29.7514 29.9747 30.2361 
47.4849 47.1976 46.946 46.7312 46.554 46.4154 46.3159 46.2561 46.2361 46.3592 46.7082 47.2361 46.7204 45.7348 44.751 43.7692 42.79 41.8138 40.8415 39.8739 38.9124 37.959 37.0161 36.0879 35.1803 34.2983 33.4472 32.6392 31.8929 31.2361 30.7082 30.3592 30.2361 30.2561 30.3159 30.4154 30.554 30.7312 30.946 31.1976 
48.439 48.1619 47.9194 47.7125 47.542 47.4086 47.3129 47.2553 47.2361 47.3351 47.6212 47.8886 46.9112 45.9364 44.9646 43.9963 43.0324 42.0736 41.1212 40.1768 39.2425 38.321 37.4164 36.5317 35.67 34.8384 34.0463 33.3071 32.6392 32.067 31.6212 31.3351 31.2361 31.2553 31.3129 31.4086 31.542 31.7125 31.9194 32.1619 
49.3963 49.1287 48.8947 48.6951 48.5308 48.4022 48.31 48.2546 48.2361 48.3188 48.5606 48.119 47.1537 46.1922 45.2352 44.2835 43.3382 42.4005 41.4721 40.5552 39.6525 38.766 37.898 37.0527 36.2361 35.4556 34.7213 34.0463 33.4472 32.9443 32.5606 32.3188 32.2361 32.2546 32.31 32.4022 32.5308 32.6951 32.8947 33.1287 
50.3565 50.0978 49.8717 49.679 49.5203 49.3963 49.3074 49.2539 49.2361 49.3071 49.3527 48.397 47.4458 46.4999 45.5601 44.6276 43.7037 42.79 41.8885 41.0009 40.1285 39.2745 38.4426 37.6378 36.8662 36.1356 35.4556 34.8384 34.2983 33.8518 33.5162 33.3071 33.2361 33.2539 33.3074 33.3963 33.5203 33.679 33.8717 34.0978 
51.3193 51.0689 50.8503 50.6639 50.5106 50.3908 50.305 50.2533 50.2361 50.2983 49.6618 48.7206 47.7853 46.8569 45.9364 45.0251 44.1246 43.2361 42.3606 41.5004 40.6583 39.8375 39.0423 38.2777 37.5498 36.8662 36.2361 35.67 35.1803 34.7801 34.4823 34.2983 34.2361 34.2533 34.305 34.3908 34.5106 34.6639 34.8503 35.0689 
