1197 623
1143 611
1139 613
1261 611
1132 618
1264 614
1128 620
1267 619
1121 625
1271 626
1116 628
1275 633
1111 631
1279 640
1104 636
1100 638
1283 647
1265 712
1093 643
1287 654
1088 646
1274 706
1291 661
1083 649
1278 704
1295 668
1074 655
1287 698
1299 675
1291 696
1069 658
1303 682
1305 687
1300 690
1060 664
1055 667
1296 757
1046 673
1300 764
1041 676
1304 771
1032 682
1308 778
1230 433
1027 685
1312 785
1227 428
1022 689
1271 809
1357 712
1316 792
1221 419
1361 716
1318 796
1407 633
1030 700
1364 720
1408 631
1218 414
1280 823
1032 703
1321 801
1407 627
1367 724
1282 826
1323 805
1405 622
1370 728
1212 405
1326 810
1403 617
1328 814
1209 400
1289 837
1375 735
1401 612
1291 840
1378 739
1332 821
1293 843
1399 607
1050 720
1203 391
979 702
1381 743
1295 846
1397 602
1130 386
1383 746
1336 828
1200 386
1132 384
1298 851
973 706
1395 597
1386 750
1135 382
1300 854
1340 835
1196 380
1018 440
1302 857
1393 592
1389 754
1140 379
964 706
1304 860
1343 840
1193 375
1015 435
1392 758
1143 377
1391 587
1013 432
1307 865
1068 737
967 729
1389 582
1148 374
1011 429
1309 868
1397 765
1041 759
1349 849
1187 366
1311 871
1387 577
1153 371
1400 769
1007 423
1313 874
1156 369
1352 854
1184 361
1385 572
1403 773
1160 367
1316 879
1003 417
1383 567
935 514
1405 777
1356 860
1318 882
1179 355
1164 364
933 511
1381 562
1000 412
1320 885
1175 357
931 508
1359 865
1169 361
998 409
1379 557
1323 890
996 406
1071 773
927 502
1363 871
1325 893
1161 343
1377 552
1088 343
1160 341
1327 896
992 400
924 497
1366 876
1091 340
1375 547
1329 899
1157 336
1000 387
922 494
1373 542
988 394
920 491
1332 904
996 389
1097 336
1370 883
990 392
891 548
1334 907
1100 334
1371 537
1372 887
917 486
1151 328
1336 910
887 547
980 389
1058 804
1374 891
885 547
1369 532
1338 913
1148 323
1107 329
913 480
977 384
882 550
1376 895
1367 527
1341 918
1378 899
910 475
973 380
879 555
1113 325
1343 921
1365 522
908 472
1380 903
1116 323
1345 924
969 382
1140 312
906 469
1363 517
908 447
1382 907
1069 821
1137 309
875 564
877 565
1348 930
1361 512
903 464
1384 911
1123 318
962 387
903 450
905 440
874 569
876 570
1040 824
1132 312
1359 508
1386 915
1350 937
957 390
899 458
873 574
901 434
1357 504
1388 919
1076 833
1036 829
1352 942
874 578
872 579
1355 500
898 430
950 395
1079 838
900 428
1354 947
1353 496
1036 837
1037 838
903 426
951 355
945 398
1351 492
1039 835
1356 954
852 496
1174 266
947 352
909 422
848 498
1358 959
938 403
1347 485
1174 261
912 420
943 349
1427 864
1345 481
1360 964
933 406
939 346
841 503
1175 254
918 416
1416 464
1430 871
1343 477
935 343
1362 971
836 506
1176 248
926 411
1340 472
931 340
1433 878
1364 976
831 509
1338 468
1180 244
1101 866
927 340
1366 981
1336 464
1436 885
923 342
1103 871
1186 240
824 514
1437 889
1334 460
919 344
1368 988
1189 238
1105 878
842 432
819 517
1331 455
1438 895
1370 993
840 429
912 348
1137 866
1439 898
1195 234
1107 883
1329 451
814 520
838 426
1372 998
1199 231
907 351
1327 447
1109 890
835 421
903 353
1325 443
807 525
1374 1005
1110 894
833 418
1441 910
1205 227
1208 225
1322 438
1111 898
1376 1010
802 528
829 412
1320 434
797 531
1443 920
1214 221
1318 430
826 407
1377 1021
824 404
884 321
1316 426
790 536
1378 1025
1221 216
1112 914
1414 1009
822 401
1314 422
1445 932
879 324
785 539
1113 919
819 396
1227 212
1310 415
780 542
1230 210
1425 1008
1380 1038
1447 942
815 390
1308 411
870 331
1236 206
867 333
1306 407
773 547
812 385
1140 927
1381 1048
810 382
769 549
1241 203
1303 402
1449 954
1382 1051
808 379
1244 206
1301 398
762 554
805 374
851 333
1299 394
1247 212
847 328
1451 964
1383 1061
1123 949
757 557
1297 390
1384 1064
801 368
844 338
1250 218
936 215
1125 954
804 365
1294 385
751 561
839 341
1453 976
1253 224
1292 381
1385 1075
810 361
746 564
1290 377
813 359
1256 230
831 347
1288 373
1455 986
739 569
1259 236
826 350
820 354
1285 368
735 571
947 180
1283 364
1262 242
1457 998
1445 1072
1281 360
728 576
1265 247
808 307
1279 356
723 579
1459 1008
1268 253
721 581
702 542
1271 259
726 588
1385 1115
1461 1018
1383 1116
1274 265
728 592
1012 119
1378 1118
1463 1028
1277 271
680 541
1373 1120
733 599
678 538
1289 132
735 603
1280 277
1018 103
1367 1122
1465 1038
734 330
675 533
1446 1120
1283 283
1362 1124
1448 1121
1187 77
1183 1011
672 528
741 612
1357 1126
726 331
1467 1048
669 523
744 617
1282 293
1177 1016
1187 1018
864 163
1351 1128
718 332
1468 1056
666 518
1172 1020
748 623
1190 1024
1346 1130
1469 1059
859 157
1171 1023
1344 1131
663 513
710 333
786 218
1469 1122
857 154
1192 1029
751 628
646 534
1173 1027
1470 1120
1337 1129
660 508
642 536
1175 1031
644 561
721 643
1195 1035
702 334
1333 1128
1031 61
1407 1169
642 558
1177 1035
657 503
636 540
849 144
640 555
1198 1041
694 335
1179 1040
1326 1126
654 498
1433 1170
632 543
1200 1046
1210 39
1322 1125
1181 1044
636 549
1470 1100
651 493
687 336
1477 1156
1183 1048
841 134
751 221
1315 1123
694 296
682 339
1397 1191
647 486
637 609
1311 1122
631 598
1202 1059
1367 1192
748 215
637 612
652 637
644 481
1369 1196
632 612
675 344
626 601
1076 26
833 124
632 615
1304 1120
745 209
1203 1067
646 641
1371 1200
641 476
627 615
1300 1119
670 347
829 120
642 644
619 606
1202 1073
1373 1205
625 620
741 202
638 471
1365 1208
622 618
1375 1206
824 123
703 257
1340 1201
1363 1209
1201 1078
663 352
614 609
620 623
1361 1208
635 466
738 196
1376 1212
635 649
617 621
601 586
1434 1210
1342 1207
1200 1084
593 568
817 128
1378 1216
632 461
1224 1
656 357
607 614
735 190
629 653
595 589
611 625
1379 95
1402 1224
588 571
1380 1221
812 131
629 456
1196 1091
651 360
602 617
609 631
625 656
732 185
590 592
606 628
1452 201
734 183
1382 1226
1194 1095
588 589
626 451
581 576
604 634
805 136
737 181
601 631
580 577
1384 1230
1192 1099
586 586
644 365
595 622
618 661
1376 1235
623 446
615 663
800 139
1190 1103
596 634
1377 1238
640 368
1273 1094
743 177
590 625
1386 1238
1378 1241
593 636
1188 1107
746 175
620 678
581 616
619 439
635 371
593 642
1387 1243
608 668
793 144
1186 1111
588 639
1438 157
583 630
576 619
1380 1249
616 434
752 171
588 645
1388 1248
1184 1115
788 147
628 376
1435 1250
578 633
582 643
1398 1257
601 673
585 648
571 622
613 429
1268 1198
1182 1119
1389 1253
576 635
758 167
562 480
1382 1257
599 670
623 379
781 152
761 165
1398 1263
566 625
577 647
1390 1258
610 424
578 650
571 636
597 667
1180 1126
1396 1264
1389 42
1259 1200
591 657
1384 1265
567 638
776 155
561 628
572 650
607 419
573 653
594 662
1179 1131
767 161
615 385
1384 1268
1382 1269
1394 1274
556 631
1178 1136
604 414
1251 1202
1380 1268
566 654
610 388
560 643
566 658
1380 1276
551 634
601 409
556 645
561 657
1243 1204
561 661
1399 1285
603 393
558 659
546 637
1198 1152
598 404
722 126
747 107
786 48
1237 1206
549 650
520 508
598 396
541 640
552 663
784 44
550 437
1395 1294
552 667
1436 1290
1479 1266
516 511
544 653
536 643
547 666
570 409
1200 1165
569 408
512 514
547 670
546 431
544 668
538 657
531 646
778 35
1226 1197
544 428
565 410
508 517
542 425
776 31
533 660
1400 1309
1222 1194
540 675
538 672
526 649
544 423
535 428
511 468
1200 1177
559 414
547 421
1396 1314
509 465
535 678
521 652
500 523
527 664
522 437
1216 1189
1205 1181
554 417
507 462
770 22
518 439
531 682
516 655
738 47
1212 1186
522 667
494 528
768 18
504 457
738 43
707 90
491 530
511 658
502 454
512 443
527 688
524 685
517 671
1480 1300
528 690
523 683
739 38
500 451
1388 1331
508 654
486 533
519 675
1401 1333
520 689
507 446
1386 1332
762 9
502 449
541 373
1437 1330
530 694
740 34
510 674
1385 1330
477 526
1473 30
1388 1337
760 5
537 375
532 698
503 424
741 29
514 692
1383 1338
503 647
485 452
473 529
497 665
534 702
1387 1343
511 694
477 540
503 679
742 24
526 305
531 379
494 667
469 532
536 706
479 456
743 20
498 640
524 302
472 543
498 682
527 381
505 697
533 710
1386 1350
489 670
496 637
522 299
464 536
744 15
474 459
484 427
540 713
500 700
536 716
521 385
493 633
484 673
460 539
1385 1357
491 687
643 87
482 424
745 10
464 549
518 293
542 717
517 387
480 421
456 542
516 387
467 464
746 6
479 676
1480 1335
486 690
493 704
460 552
544 721
1384 1364
540 723
515 288
488 626
476 678
493 710
477 416
750 2
451 546
1383 1368
546 725
513 285
455 555
460 469
543 729
475 413
486 708
471 681
479 695
484 620
1438 1370
447 549
1382 1373
477 411
487 714
506 394
451 559
509 279
550 732
455 472
481 616
546 735
466 684
474 698
480 711
1381 1378
502 396
498 390
482 408
1402 1381
482 717
552 736
479 613
477 713
505 273
1380 1383
461 687
478 719
549 741
1479 1357
448 477
554 740
487 405
496 400
476 609
450 570
467 703
548 743
458 689
1379 1388
471 716
502 268
473 722
557 745
462 706
500 265
453 692
1378 1393
1403 1395
441 482
466 719
471 602
455 577
468 725
1376 1394
498 262
539 746
1386 1397
1374 1394
560 751
448 695
436 485
1376 1399
1373 1392
464 727
458 582
455 711
534 748
495 257
1373 1390
459 723
562 755
1371 1399
466 595
443 698
1374 1404
461 587
450 714
529 750
564 759
458 731
1478 1380
429 490
440 700
553 765
491 251
1415 1410
452 727
1372 1409
1403 1412
554 768
454 733
1439 1410
489 248
1401 1413
445 718
523 752
435 703
1441 1411
452 735
555 772
1370 1414
422 495
1379 1417
432 705
518 754
1380 1419
485 242
1447 1414
430 702
1368 1419
410 484
566 775
417 498
513 756
557 780
516 763
428 699
482 237
1452 1416
1366 1424
406 487
460 746
431 375
480 234
511 765
507 758
425 694
1477 1403
1364 1428
410 503
402 490
559 788
478 231
427 377
1458 1419
463 751
423 691
560 61
506 767
502 760
567 790
398 493
1463 1421
1411 1440
556 63
1357 1432
502 769
403 508
474 225
561 796
497 762
467 757
394 496
419 685
420 382
426 325
498 773
1469 1424
398 511
471 220
550 67
390 499
491 764
1350 1436
416 680
415 385
413 382
1378 1448
563 804
469 217
1349 1434
452 770
472 764
568 805
414 677
1360 1448
386 502
1475 1427
494 779
545 70
486 766
467 214
408 385
391 516
1358 1451
1377 1455
475 769
408 390
411 672
400 729
565 812
476 770
434 774
481 768
540 73
464 209
403 388
403 393
1376 1462
566 818
535 76
407 666
495 792
398 391
393 734
569 820
460 203
567 821
446 211
1375 1469
458 200
497 796
404 661
396 398
389 737
415 777
1350 1465
570 825
393 394
529 80
440 211
402 658
499 800
368 519
385 740
391 401
569 831
454 194
571 831
524 83
400 655
386 398
501 805
381 743
420 218
451 189
519 86
1398 1484
397 650
572 837
503 809
570 839
384 406
381 401
1374 1485
1363 1480
377 746
510 51
449 186
571 842
514 89
394 645
573 843
505 814
447 183
1396 1491
373 749
379 409
376 404
386 774
385 773
392 642
385 776
507 818
1395 1495
574 849
369 752
444 178
508 93
371 407
573 852
509 823
1391 1498
372 414
350 536
388 636
504 95
374 646
365 755
1384 1497
575 855
366 410
440 172
385 786
511 827
370 648
367 417
385 631
361 758
576 860
438 169
1380 1506
575 862
513 831
361 413
383 628
358 754
495 101
575 866
364 652
577 866
381 625
515 836
434 163
360 422
573 867
366 787
386 798
354 417
387 204
360 654
490 104
354 748
517 840
378 620
578 872
431 158
355 425
567 870
343 564
349 420
485 107
351 744
519 845
354 658
375 615
344 566
579 878
331 554
350 428
562 872
515 850
340 761
427 152
387 810
373 612
521 849
344 423
350 660
480 110
353 792
329 551
347 738
352 793
347 571
425 149
580 884
327 548
556 875
523 854
345 735
339 426
423 146
343 433
369 606
344 664
474 114
581 890
425 144
351 577
525 858
324 543
342 731
334 429
550 878
340 666
470 116
428 142
388 823
366 601
1469 1536
462 105
352 609
568 896
527 863
354 582
335 438
1470 1538
321 538
364 598
329 432
338 725
433 139
350 606
331 662
334 670
353 810
529 867
362 595
327 429
321 776
541 882
436 137
328 664
348 603
318 533
358 588
335 721
461 122
330 672
531 871
328 443
389 835
325 426
325 666
346 600
537 884
1261 1496
441 134
315 528
536 882
456 125
322 668
533 876
323 446
331 715
322 421
324 676
311 777
313 525
319 670
1309 1545
316 440
446 131
503 888
329 712
1470 1556
451 128
320 678
388 846
1413 1565
354 827
319 416
504 891
390 847
310 520
316 451
324 213
311 443
326 708
1309 1552
313 674
505 895
301 778
308 445
316 411
314 682
320 215
307 515
395 120
311 454
389 855
569 927
322 702
507 900
570 928
310 685
303 448
313 406
306 679
391 859
304 510
1317 1559
282 574
291 779
366 133
313 220
311 403
304 676
287 762
304 459
279 576
298 451
1469 1576
355 845
317 695
301 505
302 673
286 594
308 223
295 453
308 398
299 462
274 579
389 870
281 780
298 500
1325 1566
289 506
306 395
387 871
298 667
290 456
588 927
269 582
301 228
295 495
287 458
303 390
292 467
388 878
271 763
295 662
1425 1597
378 101
293 492
264 585
356 862
1333 1573
273 601
296 231
293 659
313 164
282 461
300 385
287 470
389 884
1468 1597
291 656
290 487
259 588
1468 1599
277 495
310 159
399 2
297 380
290 235
282 474
276 465
256 590
390 891
288 651
287 482
295 377
289 184
1269 1581
274 462
307 154
607 926
285 238
251 588
260 608
252 764
272 459
391 898
292 372
596 960
284 645
1267 1586
248 587
251 762
258 610
357 880
304 149
1412 1619
250 781
341 882
282 642
245 586
1282 1599
278 243
289 367
1265 1591
339 883
258 615
268 453
392 905
1467 1617
247 784
301 144
261 473
257 493
312 123
239 584
365 901
285 158
1263 1596
273 246
286 362
265 448
258 475
244 789
298 139
253 495
308 125
393 912
270 178
284 359
626 925
263 445
242 792
233 582
1203 1551
1260 1603
295 134
261 442
248 498
266 251
394 918
265 181
605 978
231 579
236 612
281 354
297 132
239 797
366 913
247 629
269 359
262 253
258 437
380 923
243 501
637 930
278 349
395 925
230 615
267 356
1466 1638
236 802
227 572
258 186
1203 1562
639 932
249 635
1204 1563
265 354
238 504
234 805
254 431
250 638
275 344
255 258
225 618
1148 1441
222 746
374 929
230 627
396 932
645 924
253 189
367 925
234 506
260 357
273 341
264 347
646 922
223 565
251 726
229 493
231 810
640 941
251 426
250 261
252 644
247 645
307 893
225 630
219 621
642 942
227 490
304 885
397 939
249 423
270 336
261 342
228 510
246 194
216 623
228 815
221 632
646 942
225 487
219 558
1219 1562
247 420
252 363
647 940
226 818
243 266
224 512
267 331
211 737
248 654
1465 1658
398 946
241 197
210 626
222 482
256 335
294 886
248 366
244 415
215 636
1130 1442
265 328
225 237
215 551
223 823
1226 1569
238 269
208 732
220 479
218 516
1160 1554
611 1015
1227 1571
254 331
399 953
211 638
205 629
1411 1673
223 234
243 369
262 323
235 272
206 729
216 518
613 1016
234 202
240 365
1271 1652
240 409
220 828
221 231
217 474
211 544
204 726
237 367
206 641
219 831
313 48
1152 1555
199 632
259 318
229 205
400 961
249 324
1272 1658
237 404
235 279
211 540
234 369
218 226
214 469
202 643
196 634
646 892
223 834
204 541
1404 1682
214 528
235 401
641 971
207 830
200 720
234 376
644 891
212 536
1145 1556
216 223
256 313
1464 1679
230 372
246 319
233 377
1273 1664
211 464
233 398
401 969
227 837
222 210
214 840
652 973
254 310
190 637
1401 1687
196 647
228 369
252 689
1107 1443
654 974
1236 1588
368 971
209 461
236 396
241 288
1138 1557
196 714
210 265
212 217
1274 1670
202 837
226 366
242 313
268 887
192 649
217 213
251 305
185 640
204 259
548 1047
194 711
210 846
635 1018
402 977
243 292
206 267
190 517
241 394
234 842
613 1042
265 894
206 456
240 386
661 976
195 233
239 308
1130 1558
208 849
187 652
188 514
222 360
261 888
248 300
202 269
261 895
543 1051
179 643
238 845
216 393
190 705
642 1019
196 845
203 451
1393 1698
197 263
199 848
403 985
186 511
638 1033
183 654
1237 1603
643 1017
176 645
1463 1699
198 271
1123 1559
369 986
188 702
204 855
194 848
201 448
539 1054
640 1035
211 362
255 897
180 528
614 1054
648 1021
252 889
183 506
191 266
194 273
192 851
642 997
245 850
404 992
177 658
1388 1705
535 1057
251 887
252 900
1086 1449
170 648
642 1040
1116 1560
198 443
269 42
184 696
188 268
200 861
190 854
176 531
1115 1561
616 1059
244 857
190 275
251 903
207 355
180 501
173 660
531 1060
165 651
195 438
187 858
1238 1617
405 1000
644 1047
1429 1720
390 1002
182 271
1383 1712
185 278
187 441
618 1065
180 690
196 867
204 350
177 496
170 536
168 663
193 435
1431 1721
370 1002
388 1003
185 861
1120 1568
276 16
1229 1623
178 687
372 1003
246 875
646 1052
167 538
177 274
158 655
522 1062
180 281
1462 1720
164 666
620 1071
1071 1450
184 435
163 535
406 1008
201 345
174 491
190 430
192 873
1123 1573
1460 1721
1378 1719
519 1063
648 1057
180 868
172 488
155 651
252 919
174 681
622 1076
1376 1722
1081 1530
1239 1631
246 920
158 538
189 877
174 285
170 278
180 429
186 424
244 921
172 678
407 1016
169 673
197 338
623 1079
534 1085
177 872
148 659
169 483
1128 1580
511 1065
170 287
157 546
151 645
624 1082
178 425
153 541
533 1088
151 670
651 1066
185 883
167 480
1060 1477
168 289
1230 1640
360 1020
183 419
194 333
507 1066
174 877
1056 1451
163 282
237 923
150 543
158 177
1131 1585
358 1021
148 641
1074 1542
408 1024
142 662
153 550
183 886
147 672
626 1088
653 1071
531 1094
161 279
148 540
164 475
1052 1449
180 414
174 418
502 1068
191 328
253 935
1064 1525
232 925
1240 1646
505 1077
172 295
143 674
159 276
179 890
146 537
1242 1647
136 665
628 1093
144 635
1362 1734
1136 1592
409 1032
529 1100
161 470
174 299
177 409
139 676
629 1096
1045 1461
170 412
142 632
1073 1568
656 1080
139 549
187 321
156 271
166 888
143 532
159 467
528 1104
413 1035
1352 1724
130 668
1139 1597
161 561
578 1110
174 404
134 678
168 408
154 268
141 529
139 628
178 305
631 1102
658 1085
341 1023
526 1108
184 316
417 1038
156 462
491 1080
133 552
141 626
172 401
173 901
370 1042
164 565
136 559
130 680
490 1081
254 951
124 671
1345 1725
164 897
180 309
674 1081
151 263
1057 1557
524 1112
138 524
171 904
122 672
483 1070
633 1108
335 1024
578 1119
164 401
421 1041
132 561
491 1085
126 682
153 457
146 623
169 396
167 570
127 555
1030 1462
169 907
371 1049
120 669
661 1094
522 1117
148 258
134 617
478 1071
492 1089
167 393
635 1113
128 563
122 684
134 518
167 910
118 666
150 452
330 1033
151 620
160 395
146 255
122 558
520 1121
636 1116
663 1099
428 1046
493 1093
1045 1556
1049 1566
126 520
118 686
372 1056
473 1069
172 577
148 449
131 612
164 388
165 914
324 1025
486 1095
1331 1726
637 1119
131 513
158 391
125 614
1231 1678
518 1125
255 967
1410 1780
156 617
121 567
143 250
432 1049
122 522
114 660
116 561
169 584
322 1034
468 1067
114 690
484 1099
319 1026
145 444
167 919
1016 1463
147 868
161 383
373 1063
141 247
128 508
117 569
639 1125
115 692
666 1108
516 1130
681 1101
127 605
161 614
177 584
1405 1784
168 922
117 525
1055 1601
154 384
111 655
172 588
149 914
159 380
463 1065
640 1128
126 505
482 1104
110 564
682 1104
1321 1727
315 1035
521 1136
142 439
113 571
132 446
439 1054
514 1134
129 318
138 242
109 652
1232 1689
668 1113
118 697
163 608
374 1070
481 1107
174 592
1401 1787
683 1107
166 611
119 603
180 589
170 927
112 528
1050 1604
140 436
309 1027
156 375
1253 1689
458 1063
642 1133
123 598
150 378
107 649
512 1138
109 574
443 1057
518 1141
144 920
129 441
122 499
479 1111
124 321
135 237
308 1036
256 983
100 693
103 568
596 1147
643 1136
1020 1547
685 1112
123 322
172 932
171 608
375 1077
107 531
1001 1464
1311 1728
137 431
172 599
453 1061
153 370
303 1028
133 234
510 1143
120 593
644 1139
115 596
104 644
686 1115
101 565
671 1122
173 935
115 110
126 436
119 494
477 1116
102 576
113 580
515 1147
124 706
95 696
146 371
1042 1610
151 367
687 1118
300 1037
508 1147
102 534
138 927
476 1119
134 426
1305 1729
117 491
513 1150
111 112
130 229
376 1084
673 1127
98 560
115 584
646 1145
688 1121
144 367
115 327
123 431
175 941
111 590
97 579
100 638
295 1029
127 711
1233 1706
129 331
176 942
1037 1613
148 362
474 1123
1008 1549
689 1124
506 1152
129 849
97 537
131 421
88 701
114 486
98 635
293 1038
106 115
648 1150
510 1156
95 555
1399 1810
257 999
130 847
690 1127
110 330
120 426
377 1091
126 223
987 1465
91 531
1450 1810
140 361
132 336
504 1156
129 418
472 1128
105 488
649 1153
676 1136
1254 1711
178 949
287 1030
90 584
144 356
92 540
83 704
477 1132
111 481
1397 1814
95 630
101 118
369 1096
471 1131
692 1132
138 357
117 421
133 720
123 218
502 1160
1029 1619
179 952
86 534
285 1039
998 1551
367 1097
125 725
378 1098
91 548
135 341
126 413
102 483
109 478
93 627
678 1141
88 543
651 1159
1395 1818
85 587
281 1031
141 351
469 1135
72 696
84 531
180 956
96 121
500 1164
127 728
122 838
474 1138
381 1100
91 624
101 337
694 1138
135 352
136 725
652 1162
120 213
1024 1622
123 941
1393 1822
193 945
123 408
69 698
99 478
106 473
82 528
278 1040
129 731
973 1466
181 960
1283 1731
174 962
691 1143
74 710
467 1140
1233 1726
112 413
118 210
972 1467
258 1015
91 124
511 1173
84 248
121 405
66 700
1405 1829
104 470
654 1167
88 619
471 1144
119 832
59 672
96 340
1231 1727
493 1164
681 1150
387 1103
197 947
175 965
78 592
1449 1827
969 1459
696 1144
466 1143
986 1553
271 1032
596 1182
96 473
465 1144
79 523
110 409
354 1099
655 1170
251 1020
69 713
176 968
133 737
115 205
470 1148
594 1183
183 967
270 1041
55 674
259 1021
86 127
268 1033
1275 1732
142 734
118 400
74 595
683 1155
101 465
77 520
116 827
79 618
177 971
60 704
350 1100
73 596
248 1022
393 1106
698 1150
1255 1733
84 613
147 829
135 740
973 1476
516 1180
93 468
184 971
1256 1734
204 952
70 305
474 1151
657 1176
106 403
178 974
112 200
458 1140
77 614
81 130
260 1027
977 1555
82 610
137 743
262 1034
145 739
115 395
87 347
263 1042
74 515
113 822
185 974
62 718
994 1603
700 1155
97 459
86 348
48 679
488 1180
347 1110
110 197
519 1185
397 1112
90 463
151 824
399 1109
482 1156
54 708
104 399
139 746
480 1158
454 1138
209 955
241 1026
686 1164
180 979
78 603
659 1182
186 978
76 133
95 456
107 956
112 390
1214 1729
71 510
1448 1844
51 710
57 721
63 601
141 749
45 646
110 816
256 1043
43 682
450 1136
103 820
107 192
404 1112
485 1186
187 982
337 1102
661 1186
688 1169
110 387
86 457
100 393
1210 1730
72 136
155 817
338 1111
43 643
524 1192
92 451
59 603
215 960
252 1044
105 189
234 1030
68 505
182 987
446 1134
92 357
333 1103
52 725
107 811
1435 1853
158 816
59 321
704 1167
100 960
84 453
233 1028
41 640
482 1191
98 389
249 1045
90 448
44 715
410 1115
107 382
34 681
55 605
66 502
189 989
183 991
36 687
75 63
527 1197
705 1170
98 24
94 361
102 184
666 1193
32 682
981 1614
441 1131
1437 1858
42 712
411 1120
70 355
691 1178
104 806
45 534
329 1112
706 1173
190 993
51 607
184 995
87 443
78 145
937 1453
104 377
80 447
479 1197
707 1174
37 634
63 497
1438 1861
416 1118
94 383
93 964
40 709
31 690
93 830
437 1129
415 1122
435 1133
66 357
936 1451
99 179
27 685
1447 1861
669 1198
693 1183
1439 1864
102 374
29 692
532 1204
671 1199
186 1000
46 610
320 1105
92 379
84 438
60 736
81 150
100 799
97 176
25 682
77 442
433 1127
419 1124
34 629
60 492
192 1000
225 1044
62 359
320 1113
231 1014
217 977
973 1621
35 532
36 703
694 1188
475 1204
423 1122
82 435
86 968
316 1106
42 612
23 679
428 1129
32 626
58 489
1441 1870
535 1209
193 1004
429 1125
58 361
63 741
84 155
94 171
74 437
1187 1729
230 1009
969 1624
97 793
218 982
30 623
38 614
188 1009
925 1479
84 840
79 430
222 1009
472 1210
1210 1770
20 674
690 1194
54 363
55 484
311 1114
1443 1876
25 623
575 1224
79 972
28 620
189 1012
71 432
226 985
195 1011
77 427
34 616
94 788
540 1216
88 161
90 165
53 481
1444 1879
1212 1774
688 1198
50 365
62 36
963 1629
920 1482
68 749
21 625
17 669
304 1108
221 1002
196 1015
468 1217
914 1458
208 1044
68 427
932 1554
227 991
219 993
74 422
91 783
1214 1778
543 1221
302 1115
72 976
50 476
567 1227
935 1428
191 1020
916 1486
935 1427
76 849
14 664
933 1427
957 1634
15 629
937 1426
70 973
1216 1782
42 369
198 1022
296 1109
192 1024
1181 1763
465 1223
297 1116
41 370
64 421
47 471
70 416
561 1230
87 776
293 1110
202 1037
11 631
11 659
548 1228
57 19
199 1026
76 759
193 1028
1177 1765
293 1117
1218 1787
67 968
45 468
199 1055
68 413
62 417
463 1228
85 773
951 1639
724 1206
31 59
78 762
452 1224
1220 1791
8 654
46 377
551 1233
288 1118
463 1232
83 770
5 635
67 859
42 463
285 1111
65 408
193 1058
669 1240
1170 1769
58 411
63 961
1222 1795
284 1119
48 381
282 1112
945 1644
1219 1797
1 637
63 405
5 649
190 1060
42 21
445 1220
39 458
943 1646
670 1245
1224 1799
1165 1772
914 1587
55 406
26 380
279 1120
557 1251
60 400
2 644
59 954
4 126
184 1063
440 1217
1226 1803
36 453
1161 1774
275 1121
187 1070
12 158
22 382
671 1251
53 998
58 869
890 1497
52 401
54 390
34 450
270 1114
57 395
474 1245
436 1215
1230 1801
271 1122
882 1478
183 1072
18 384
179 1066
950 1655
1156 1777
41 964
55 947
672 1257
432 1213
1234 1799
477 1249
46 1002
179 1074
630 1270
948 1660
31 445
266 1123
1152 1779
953 1660
262 1115
173 1069
701 1251
879 1498
673 1263
11 388
631 1274
50 878
262 1124
175 1076
40 868
51 940
712 1246
259 1116
28 440
36 866
700 1255
1147 1782
173 1078
425 1209
39 1006
869 1478
168 1072
674 1269
257 1125
26 437
604 1284
894 1603
699 1259
1143 1784
718 1248
4 392
632 1282
35 1008
485 1259
865 1476
926 1668
893 1601
420 1206
47 933
868 1499
253 1126
251 1117
606 1288
33 1010
162 1075
698 1263
890 1601
23 432
675 1275
1132 1773
173 1087
633 1286
248 1118
0 395
1138 1787
41 888
416 1204
860 1474
536 1273
724 1251
248 1127
697 1267
19 994
608 1293
676 1280
244 1119
157 1078
20 427
1134 1789
634 1292
856 1472
175 1093
244 1128
1407 1946
37 1017
696 1271
531 1276
18 424
532 1279
176 1096
610 1298
677 1286
240 1129
852 1470
238 1117
1405 1950
528 1278
1129 1792
695 1275
6 404
151 1081
178 1097
495 1271
635 1298
40 1022
36 921
235 1116
15 419
32 898
612 1303
525 1280
694 1279
1403 1954
1125 1794
678 1292
697 1281
498 1275
42 1026
9 409
146 1084
402 1252
424 1275
636 1304
848 1463
185 1099
1401 1958
614 1308
229 1114
637 1307
693 1285
519 1284
679 1298
420 1278
45 1031
231 1138
1118 1798
165 1110
140 1087
879 1645
190 1101
1399 1962
616 1312
836 1471
223 1112
24 907
47 1035
1114 1800
680 1304
157 1112
692 1292
513 1288
506 1285
867 1631
1397 1967
220 1111
414 1282
618 1317
696 1295
197 1103
49 1039
133 1091
225 1145
50 1040
1395 1971
681 1310
639 1320
827 1471
691 1299
695 1300
214 1109
1107 1804
202 1105
375 1237
640 1324
127 1094
1393 1975
211 1108
412 1293
220 1151
682 1316
858 1638
57 1036
149 1123
1102 1807
526 1315
371 1239
819 1472
1391 1979
55 1050
122 1097
683 1321
61 1034
1098 1809
853 1642
815 1475
1389 1983
146 1128
206 1146
57 1054
214 1158
365 1243
531 1322
116 1100
684 1327
66 1031
849 1645
642 1337
1387 1988
59 1058
1092 1812
361 1246
809 1480
400 1304
643 1341
70 1029
1078 1792
141 1135
534 1327
1384 1990
111 1103
209 1164
685 1333
61 1062
1088 1814
844 1649
806 1482
74 1027
146 1143
63 1066
1084 1816
138 1140
1379 1993
840 1652
365 1253
1072 1795
686 1339
105 1106
538 1333
204 1170
79 1024
65 1070
143 1148
367 1257
1079 1818
1374 1996
835 1656
645 1354
100 1109
687 1345
541 1338
1066 1798
695 1334
201 1174
141 1151
83 1022
133 1147
1075 1820
184 1137
188 1130
646 1358
831 1659
139 1154
1369 1999
867 1719
111 1135
198 1178
87 1020
1061 1801
688 1351
94 1112
1071 1822
130 1152
70 1079
91 1024
696 1342
129 1153
526 1351
546 1345
1059 1798
847 1702
1069 1824
179 1142
826 1663
136 1159
1364 2002
195 1182
869 1725
94 1022
92 1017
72 1083
689 1357
89 1115
137 1161
548 1349
1057 1795
690 1358
115 1142
127 1158
388 1330
870 1728
97 1020
822 1666
192 1186
96 1015
87 1112
175 1147
1359 2005
74 1087
1053 1809
113 1146
648 1371
122 1148
117 1145
697 1351
385 1332
841 1707
141 1164
694 1356
1067 1832
100 1018
124 1163
872 1734
100 1013
1053 1789
189 1190
76 1091
838 1709
172 1151
817 1670
553 1356
1354 2008
1066 1836
145 1167
84 1106
1047 1812
380 1335
128 1170
1045 1793
1051 1786
105 1015
873 1738
692 1370
186 1194
813 1673
105 1010
650 1381
1064 1841
149 1170
556 1361
168 1156
1049 1783
1349 2011
1041 1795
696 1372
80 1098
763 1473
375 1338
1041 1815
118 1172
693 1375
183 1198
109 1008
124 1176
875 1744
173 1189
111 1011
808 1677
829 1716
153 1173
1037 1797
164 1161
876 1747
1402 2043
698 1377
122 1179
151 1178
1063 1848
560 1367
370 1341
113 1006
180 1202
1342 2015
155 1176
756 1474
115 1177
694 1381
1035 1818
102 1163
804 1680
1033 1799
156 1169
120 1182
1401 2047
117 1007
161 1165
178 1205
562 1371
652 1394
118 1003
878 1754
366 1336
695 1386
1337 2018
147 1184
1029 1801
164 1182
700 1385
1067 1855
75 1150
749 1475
1400 2052
1029 1821
111 1183
799 1684
653 1398
565 1376
116 1188
819 1724
122 1001
123 1003
175 1211
747 1477
96 1170
705 1387
145 1188
1025 1803
363 1332
1069 1859
880 1760
1332 2021
702 1390
696 1392
1399 2057
744 1459
108 1188
567 1380
126 999
1023 1824
145 1193
1021 1805
881 1763
462 1391
113 1193
128 1000
360 1328
792 1688
1071 1863
707 1393
1398 2061
172 1217
697 1397
813 1729
745 1484
1327 2024
141 1194
354 1351
143 1196
740 1454
90 1177
570 1385
704 1398
111 1198
810 1731
1017 1827
655 1411
787 1691
310 1297
104 1195
1397 2066
709 1398
139 1198
170 1222
883 1770
743 1489
1014 1809
698 1403
1322 2027
1075 1870
349 1354
572 1389
737 1450
140 1202
884 1773
706 1403
656 1415
109 1203
711 1402
137 1202
1396 2071
102 1200
1010 1811
1011 1830
699 1408
1077 1874
84 1184
314 1303
167 1228
1317 2030
734 1446
780 1695
344 1357
741 1496
16 1146
1395 2075
135 1206
107 1208
737 1496
886 1779
713 1407
137 1208
1006 1813
576 1396
801 1738
100 1205
1079 1878
316 1307
82 1189
700 1414
165 1233
1001 1807
1005 1833
736 1499
1312 2033
775 1698
739 1501
133 1210
339 1360
1415 2081
1394 2080
1002 1815
105 1213
715 1412
135 1213
98 1210
730 1439
735 1502
579 1401
1002 1835
888 1785
711 1415
1082 1883
658 1428
80 1194
432 1413
131 1214
701 1420
878 1790
998 1817
162 1239
1307 2036
334 1363
1000 1832
44 1166
717 1416
96 1214
103 1218
889 1789
714 1472
1013 1863
994 1811
581 1405
737 1508
659 1432
1084 1887
429 1415
713 1471
727 1434
768 1702
132 1219
733 1508
713 1474
42 1168
129 1218
1314 2052
78 1199
331 1365
791 1746
714 1421
702 1425
994 1820
719 1420
426 1417
736 1512
583 1409
94 1219
42 1171
101 1223
1086 1891
709 1460
159 1245
148 1238
1008 1866
997 1826
732 1512
891 1795
988 1814
127 1222
724 1429
1316 2056
763 1705
788 1749
713 1479
731 1513
708 1458
660 1439
328 1361
881 1799
468 1426
76 1204
721 1424
301 1325
585 1413
703 1431
762 1703
892 1798
340 1386
44 1175
1088 1895
1004 1868
92 1224
99 1228
71 1205
42 1177
125 1226
1318 2060
790 1753
128 1228
420 1421
882 1803
983 1817
740 1519
325 1357
587 1417
157 1253
1401 2101
46 1179
704 1436
74 1210
760 1698
661 1446
883 1806
70 1209
714 1487
1091 1900
1320 2064
999 1871
792 1757
123 1231
894 1805
558 1433
742 1523
763 1729
415 1424
322 1353
89 1231
589 1421
1400 2105
69 1212
144 1251
981 1844
48 1183
126 1235
662 1450
326 1386
72 1215
97 1237
1093 1904
308 1334
556 1437
705 1442
1322 2068
718 1512
794 1761
88 1234
412 1426
585 1427
1399 2108
885 1812
744 1527
994 1874
758 1691
155 1261
319 1349
717 1510
343 1399
896 1811
125 1239
96 1240
50 1187
348 1397
715 1495
591 1426
1282 2038
1095 1908
409 1428
796 1765
726 1530
70 1220
67 1219
1398 2112
975 1848
120 1240
897 1814
990 1876
86 1239
887 1817
320 1390
66 1220
663 1458
756 1686
52 1191
316 1345
593 1430
749 1531
123 1244
65 1218
1097 1912
1291 2066
727 1534
798 1769
1397 2116
141 1263
664 1461
153 1269
317 1392
94 1247
352 1403
68 1225
404 1431
118 1245
970 1851
84 1244
889 1822
595 1434
68 1227
54 1196
753 1534
899 1821
984 1880
140 1267
314 1394
800 1773
275 1339
664 1465
728 1539
754 1679
1100 1917
1286 2069
663 1466
62 1212
1270 2037
355 1408
1395 2123
82 1249
891 1827
965 1854
56 1200
116 1251
597 1439
139 1271
398 1435
980 1882
151 1277
81 1250
92 1255
311 1390
1102 1921
729 1544
901 1827
120 1255
752 1674
72 1234
658 1465
803 1779
115 1254
309 1399
1394 2127
962 1856
395 1437
138 1275
58 1204
79 1247
599 1443
893 1832
485 1460
1279 2073
902 1830
288 1357
730 1548
975 1885
1104 1925
962 1863
91 1261
894 1834
360 1415
74 1238
805 1783
115 1259
653 1464
137 1279
307 1384
422 1461
482 1462
149 1285
601 1447
957 1859
118 1262
750 1667
1275 2075
390 1440
1392 2134
1106 1929
731 1553
1257 2036
970 1888
896 1839
904 1837
954 1861
807 1788
648 1463
424 1465
387 1442
304 1380
603 1451
301 1406
754 1556
20 1213
748 1662
148 1291
300 1407
476 1465
117 1268
365 1422
732 1558
966 1890
113 1268
384 1444
809 1792
1268 2079
898 1844
1390 2141
605 1455
756 1559
1110 1936
473 1467
296 1368
642 1462
733 1562
746 1657
736 1763
381 1446
300 1374
946 1860
368 1427
911 1843
811 1796
380 1445
1389 2145
351 1435
301 1414
724 1746
24 1220
900 1849
1112 1940
755 1564
960 1894
136 1296
1244 2035
637 1461
112 1276
1262 2083
135 1297
734 1567
467 1470
89 1280
1261 2084
813 1800
293 1416
347 1438
744 1650
1114 1944
956 1896
763 1567
754 1569
27 1225
938 1859
376 1439
1387 2152
632 1460
917 1848
281 1400
373 1434
735 1572
815 1804
89 1285
618 1457
111 1283
462 1473
128 1295
713 1747
742 1645
29 1229
250 1366
91 1286
1386 2156
753 1574
1117 1949
951 1899
1265 2091
627 1459
817 1808
622 1458
116 1288
725 1774
125 1294
751 1575
309 1425
767 1574
248 1369
1383 2158
734 1790
1231 2034
923 1853
929 1858
1119 1953
456 1476
272 1398
116 1291
402 1486
1267 2095
32 1234
110 1291
742 1578
121 1293
946 1902
819 1812
740 1638
246 1372
929 1873
98 1288
769 1578
109 1292
699 1738
933 1883
1121 1957
1226 2032
742 1806
1378 2161
147 1320
451 1479
942 1904
821 1816
267 1401
1403 2169
1270 2100
305 1436
243 1376
35 1240
738 1633
1223 2031
406 1493
1123 1961
147 1323
357 1460
922 1877
1373 2164
823 1820
241 1379
773 1585
1220 2030
1272 2104
1219 2039
725 1798
114 1302
88 1304
445 1482
936 1908
1126 1966
260 1406
825 1824
353 1463
775 1589
1274 2108
39 1247
774 1590
238 1383
712 1787
148 1330
735 1625
442 1484
1368 2167
410 1500
81 1308
1214 2028
932 1910
1222 2078
411 1501
737 1624
915 1881
1128 1970
79 1309
236 1386
827 1828
255 1409
314 1447
776 1595
1277 2113
42 1252
348 1467
510 1517
1363 2170
741 1623
1209 2026
234 1389
436 1487
149 1337
1130 1974
927 1913
1110 1983
620 1514
316 1450
715 1807
909 1884
830 1833
744 1623
1279 2117
1206 2025
44 1256
418 1497
718 1608
343 1471
231 1393
1132 1978
906 1886
431 1490
1203 2024
746 1626
248 1414
922 1916
1113 1988
1281 2121
68 1310
1356 2174
779 1604
150 1345
229 1396
1134 1981
47 1261
423 1494
66 1311
340 1467
1115 1991
700 1800
677 1649
835 1840
754 1613
322 1458
918 1919
65 1309
243 1417
1197 2022
749 1632
781 1609
1351 2177
49 1265
1116 1994
226 1400
1138 1984
899 1890
337 1463
781 1611
705 1816
151 1352
333 1475
1113 1996
838 1845
224 1403
319 1467
772 1857
1192 2020
335 1460
1142 1987
1346 2180
52 1270
752 1638
63 1301
923 1926
1195 2080
893 1893
236 1422
1189 2019
321 1470
152 1359
500 1540
418 1528
54 1274
1107 1999
776 1618
1146 1990
62 1297
1186 2018
890 1895
1341 2183
334 1493
219 1410
1237 2140
755 1644
231 1425
766 1633
844 1854
420 1533
56 1278
688 1813
695 1825
1150 1993
217 1413
1184 2076
60 1292
773 1623
48 1321
1180 2016
737 1860
769 1629
883 1899
913 1939
660 1777
786 1873
1334 2187
847 1859
1154 1996
327 1498
1111 2014
1241 2147
85 1349
224 1430
140 1372
670 1802
1109 2015
113 1350
111 1350
656 1779
212 1420
1329 2190
323 1501
1159 2000
876 1903
917 1946
1133 2017
219 1433
736 1871
652 1781
210 1423
138 1378
1166 2052
685 1834
852 1866
109 1355
638 1657
1245 2154
664 1805
1102 2017
874 1900
319 1504
1324 2193
1169 2007
1163 2003
108 1358
648 1783
137 1382
676 1826
732 1874
31 1323
872 1897
663 1813
634 1758
855 1871
1248 2159
921 1953
107 1361
658 1808
212 1438
205 1430
644 1785
682 1844
135 1388
204 1432
312 1509
1250 2163
1326 2210
726 1878
105 1366
208 1441
868 1891
675 1843
207 1442
652 1811
925 1960
134 1392
1455 2241
308 1512
637 1789
1253 2168
861 1880
27 1346
103 1372
720 1882
1198 2157
78 1376
1132 2040
144 1399
304 1515
132 1398
633 1791
1255 2172
1317 2214
102 1375
672 1852
664 1839
717 1884
648 1820
929 1967
854 1914
605 1708
131 1402
143 1404
629 1793
214 1451
107 1381
1195 2163
1258 2177
665 1852
1311 2217
100 1381
1238 2184
83 1383
642 1823
297 1520
711 1888
666 1857
106 1385
933 1974
1193 2167
624 1796
129 1408
217 1456
1260 2181
85 1387
98 1386
105 1388
293 1523
1305 2220
128 1412
620 1798
661 1861
1191 2172
705 1892
463 1593
635 1827
1263 2186
604 1767
104 1393
937 1981
659 1863
289 1526
96 1392
652 1852
1360 2262
616 1800
655 1861
298 1539
1299 2223
90 1394
1265 2190
701 1895
126 1418
1463 2268
749 1920
654 1859
1188 2178
224 1466
629 1830
612 1802
94 1398
125 1422
941 1988
4 1363
660 1871
1268 2195
102 1402
282 1531
710 1912
1293 2226
1252 2202
302 1546
695 1891
1185 2184
849 1960
663 1873
834 1936
136 1430
622 1834
1270 2199
123 1428
605 1806
278 1534
844 1958
691 1889
230 1474
722 1924
621 1832
704 1915
1287 2229
945 1995
1183 2189
101 1410
668 1876
122 1432
829 1939
306 1553
601 1808
719 1926
1273 2204
274 1537
1285 2226
686 1886
233 1479
614 1836
1384 2287
698 1918
185 1484
597 1810
1180 2195
1275 2208
824 1942
271 1533
949 2002
105 1416
714 1929
120 1439
682 1884
675 1880
1282 2240
833 1962
310 1560
119 1440
1456 2292
1281 2219
675 1884
107 1420
592 1813
672 1888
692 1921
1278 2213
819 1945
117 1437
699 1931
1271 2231
313 1565
953 2009
266 1526
169 1485
240 1489
690 1918
742 1949
588 1815
674 1892
814 1948
114 1432
688 1915
315 1569
111 1427
584 1817
130 1455
1303 2278
163 1488
262 1520
957 2016
678 1898
809 1951
705 1940
580 1819
685 1910
171 1499
496 1641
1269 2252
247 1498
319 1576
259 1516
680 1902
578 1821
1276 2263
134 1461
590 1842
157 1491
750 1960
810 1965
804 1954
1451 2313
708 1945
961 2023
45 1438
588 1839
250 1503
136 1465
322 1581
153 1493
1261 2255
255 1510
225 1517
799 1957
582 1828
711 1950
803 1966
151 1490
324 1585
965 2030
585 1833
671 1940
140 1471
799 1969
1255 2258
794 1960
714 1955
131 1476
148 1485
196 1527
733 1976
142 1475
318 1596
328 1592
1260 2272
732 1978
789 1963
969 2037
598 1888
666 1934
1462 2331
793 1974
718 1961
729 1979
1247 2261
331 1597
213 1536
790 1976
738 1983
784 1966
322 1603
727 1976
720 1965
973 2044
661 1928
333 1601
1241 2264
143 1517
725 1973
1328 2329
938 2060
741 1988
779 1969
326 1610
743 1991
776 1971
608 1900
656 1922
977 2051
40 1470
337 1608
1234 2267
780 1984
47 1474
1232 2264
329 1616
611 1904
726 1999
771 1974
651 1916
331 1619
981 2058
341 1615
466 1685
752 1985
1229 2259
766 1977
618 1902
463 1687
772 1991
470 1690
756 1983
344 1620
334 1625
228 1602
622 1901
985 2065
769 1993
81 1501
497 1756
1225 2252
346 1624
457 1690
987 2068
745 2013
337 1630
542 1874
66 1497
454 1692
629 1899
233 1609
173 1567
74 1505
71 1503
749 2019
350 1631
994 2064
341 1637
235 1613
448 1695
751 2023
50 1505
353 1636
177 1578
485 1778
344 1643
443 1698
472 1712
955 2099
240 1620
754 2028
355 1640
174 1580
4 1498
953 2100
346 1646
677 2019
171 1582
242 1624
756 2032
437 1701
196 1608
527 1893
947 2103
349 1652
359 1647
675 2023
495 1839
1202 2304
432 1704
165 1586
485 1822
677 2027
351 1655
436 1712
760 2039
673 2027
190 1612
362 1652
941 2106
1210 2321
248 1633
165 1593
481 1824
939 2107
426 1707
187 1614
488 1843
1195 2302
671 2032
193 1623
159 1590
354 1661
364 1656
947 2117
764 2045
458 1761
477 1826
937 2104
1008 2100
251 1638
1191 2301
156 1592
356 1664
421 1710
949 2121
189 1626
1009 2103
531 1928
766 2049
181 1618
481 1847
1187 2300
668 2039
452 1759
368 1663
1010 2106
435 1731
528 1930
951 2125
421 1719
255 1644
185 1629
470 1830
359 1670
150 1596
449 1758
933 2096
415 1713
1183 2299
1011 2109
769 2054
664 2042
437 1735
175 1622
953 2129
1012 2112
258 1649
771 2058
362 1675
372 1670
180 1633
145 1599
481 1869
930 2091
410 1716
443 1756
1013 2115
454 1810
171 1625
955 2133
520 1935
754 2067
1176 2297
752 2068
658 2046
142 1601
751 2069
448 1801
1014 2118
261 1654
141 1602
517 1937
375 1675
253 1659
430 1744
175 1637
957 2137
1172 2296
927 2085
404 1719
1015 2121
775 2065
366 1682
654 2049
436 1754
444 1803
165 1629
514 1939
474 1875
1017 2122
377 1679
1168 2295
401 1721
136 1605
955 2143
744 2068
162 1631
170 1641
511 1941
924 2079
469 1874
369 1688
399 1718
133 1607
1164 2294
779 2071
1022 2124
648 2053
267 1663
945 2149
472 1887
437 1808
984 2146
371 1691
381 1686
130 1609
506 1944
436 1809
468 1884
165 1645
781 2075
464 1873
921 2074
960 2150
156 1635
464 1878
644 2056
902 2121
270 1668
1157 2292
503 1946
1029 2126
62 1579
395 1711
462 1870
438 1813
655 2069
384 1691
897 2108
460 1880
374 1697
784 2080
124 1613
963 2155
988 2153
500 1948
1153 2291
918 2068
461 1888
638 2060
273 1673
247 1684
1034 2128
440 1817
149 1640
376 1700
386 1695
456 1882
459 1865
497 1950
384 1728
786 2084
1036 2129
1149 2290
487 1938
391 1704
438 1821
119 1616
991 2158
966 2160
155 1653
634 2063
494 1952
452 1884
1145 2289
914 2061
771 2096
116 1618
454 1892
143 1644
70 1590
378 1731
1042 2127
491 1954
151 1656
994 2163
429 1826
790 2091
1143 2286
279 1682
113 1620
447 1887
442 1828
140 1646
1045 2126
628 2067
971 2167
911 2055
486 1957
775 2103
372 1734
997 2168
625 2069
443 1889
444 1832
282 1687
973 2171
451 1905
1140 2280
75 1597
107 1624
1051 2124
483 1959
113 1633
134 1650
437 1868
112 1634
908 2049
439 1891
446 1836
621 2072
367 1737
796 2100
480 1961
78 1601
141 1664
1137 2275
435 1865
1001 2175
445 1908
286 1693
408 1826
448 1840
780 2112
101 1628
477 1963
978 2178
905 2044
799 2105
127 1655
361 1740
81 1606
615 2076
404 1828
1004 2180
98 1630
474 1965
1134 2269
289 1698
432 1859
980 2182
447 1925
1034 2169
124 1651
802 2110
471 1967
902 2038
784 2119
120 1645
95 1626
430 1855
399 1831
355 1743
131 1672
1131 2264
292 1703
981 2189
608 2081
441 1928
1008 2187
87 1614
392 1826
466 1970
395 1833
266 1720
806 2116
605 2083
788 2126
349 1746
463 1972
1128 2258
1011 2192
436 1931
982 2196
346 1748
601 2086
961 2205
460 1974
809 2121
298 1712
388 1837
121 1680
1013 2197
598 2088
792 2133
442 1954
1124 2251
957 2208
429 1935
272 1730
340 1751
341 1753
455 1977
812 2126
1010 2199
301 1717
111 1675
954 2210
427 1932
1007 2201
795 2139
592 2092
380 1842
1121 2245
275 1735
379 1843
450 1981
304 1722
334 1754
816 2132
950 2213
797 2142
277 1738
111 1688
424 1926
588 2095
995 2209
1001 2205
1118 2240
981 2218
819 2137
383 1850
327 1758
280 1743
107 1692
944 2217
421 1921
801 2149
582 2099
310 1731
976 2222
1115 2234
325 1755
385 1854
822 2142
940 2220
283 1748
590 2116
578 2102
323 1752
460 1993
418 1915
972 2225
313 1736
805 2156
285 1751
388 1859
106 1703
1111 2227
826 2148
463 1997
934 2224
320 1747
968 2228
297 1751
1067 2207
572 2106
390 1863
316 1741
1092 2237
288 1756
414 1908
108 1707
808 2162
829 2153
91 1700
930 2227
1108 2221
964 2231
87 1697
392 1867
568 2109
110 1711
291 1761
973 2241
811 2167
411 1902
832 2158
960 2234
40 1671
1105 2216
412 1984
112 1715
395 1872
933 2241
471 2007
923 2232
562 2113
294 1766
814 2172
956 2237
397 1876
1036 2239
920 2234
295 1769
114 1720
407 1895
407 1987
836 2164
1102 2210
558 2116
952 2240
399 1880
341 1862
817 2178
916 2237
305 1789
939 2250
839 2169
816 2180
404 1889
574 2143
338 1864
401 1991
302 1790
554 2111
479 2017
948 2243
84 1723
917 2246
335 1866
398 1993
812 2183
1042 2305
842 2174
298 1792
286 1780
550 2106
1038 2312
458 2035
294 1794
330 1869
393 1996
845 2178
807 2187
562 2146
283 1776
572 2155
455 2037
327 1871
390 1998
917 2261
546 2101
487 2027
290 1796
129 1737
572 2158
803 2190
848 2183
452 2039
286 1798
279 1770
322 1874
281 1792
542 2096
384 2002
133 1742
798 2194
447 2042
282 1800
276 1766
853 2190
545 2148
317 1877
829 2204
275 1795
538 2091
495 2037
278 1802
321 1888
378 2006
442 2045
793 2198
902 2263
922 2281
581 2169
272 1797
856 2195
832 2208
272 1760
318 1890
274 1804
311 1881
534 2086
538 2153
583 2172
789 2201
899 2259
373 2009
584 2173
1011 2299
440 2055
269 1756
270 1806
266 1800
792 2209
313 1893
370 2011
836 2214
306 1884
534 2156
861 2202
1009 2326
530 2081
503 2047
587 2177
784 2205
896 2277
310 1895
266 1808
895 2253
367 2013
839 2218
261 1803
530 2159
265 1750
301 1887
36 1736
307 1897
432 2057
864 2207
590 2181
780 2208
262 1810
526 2076
841 2221
435 2064
304 1899
891 2247
526 2162
361 2017
262 1746
429 2053
593 2185
258 1812
254 1807
844 2225
295 1891
775 2212
257 1813
256 1747
889 2244
522 2071
511 2057
802 2221
147 1770
118 1781
109 1782
522 2165
869 2214
299 1902
356 2020
846 2228
596 2189
292 1893
258 1740
804 2224
251 1747
259 1818
248 1810
149 1774
770 2216
353 2022
591 2196
518 2168
290 1890
518 2066
58 1774
885 2238
872 2219
849 2232
294 1905
599 2193
260 1821
247 1749
350 2024
151 1778
766 2219
851 2235
261 1824
243 1813
514 2171
285 1898
287 1885
595 2201
602 2197
243 1751
153 1782
881 2232
853 2238
414 2072
243 1821
811 2233
288 1910
802 2238
510 2174
263 1829
344 2028
852 2240
761 2223
605 2201
155 1786
599 2206
236 1817
342 2025
283 1878
410 2076
598 2208
236 1754
506 2177
276 1902
757 2226
157 1789
867 2296
265 1835
608 2205
796 2243
846 2244
409 2081
235 1826
405 2076
287 1920
811 2245
337 2034
266 1838
594 2211
339 2019
229 1821
843 2246
611 2209
270 1905
340 2043
819 2243
279 1871
752 2230
271 1908
403 2073
231 1828
791 2247
499 2182
164 1785
814 2249
268 1843
332 2037
154 1802
589 2215
401 2070
839 2249
413 2088
614 2213
274 1869
226 1761
336 2013
291 1927
223 1824
276 1866
269 1846
264 1908
168 1783
495 2185
747 2234
329 2039
226 1831
817 2253
264 1910
750 2239
824 2249
786 2251
156 1806
400 2089
272 1865
415 2092
585 2218
270 1849
222 1763
617 2217
334 2009
293 1931
398 2065
609 2223
172 1781
222 1833
218 1827
833 2253
491 2188
743 2237
820 2257
324 2042
158 1810
827 2253
274 1859
66 1816
417 2096
270 1861
295 1935
781 2255
620 2221
272 1854
612 2227
214 1759
217 1766
176 1779
580 2222
331 2004
388 2084
395 2060
255 1912
487 2191
823 2261
160 1814
419 2100
738 2241
216 1837
297 1939
393 2097
211 1831
623 2225
213 1768
253 1916
318 2046
615 2231
384 2086
776 2259
825 2264
483 2194
208 1762
575 2226
328 1998
421 2104
162 1819
212 1839
249 1915
824 2266
210 1770
183 1775
733 2245
626 2229
300 1944
380 2088
618 2235
248 1918
314 2050
313 2049
387 2100
205 1834
479 2197
571 2229
771 2263
164 1823
206 1772
187 1773
202 1765
207 1842
325 1992
302 1948
376 2090
310 2051
729 2248
819 2270
326 2074
629 2233
243 1918
244 1920
138 1835
621 2239
294 1952
475 2200
382 2103
166 1827
241 1919
200 1837
371 2085
732 2256
191 1771
307 2053
203 1844
566 2233
766 2267
304 1952
372 2092
201 1775
291 1954
632 2237
624 2243
322 1986
724 2252
814 2274
237 1918
168 1831
471 2203
315 1989
728 2259
306 1956
368 2094
562 2236
376 2106
302 2056
286 1957
635 2241
627 2247
193 1841
720 2255
232 1921
822 2312
313 1985
196 1848
760 2272
319 1981
170 1836
467 2206
315 2080
308 1960
364 2096
314 2081
371 2109
638 2245
557 2240
630 2251
722 2264
228 1923
311 1981
296 2060
172 1840
303 1966
187 1844
360 2098
715 2259
279 1961
755 2276
316 1975
311 1965
189 1852
641 2249
633 2255
224 1925
309 1977
174 1844
365 2112
552 2244
356 2100
291 2063
182 1847
61 1856
710 2263
750 2280
816 2328
644 2253
636 2259
288 2065
272 1965
176 1849
219 1928
352 2102
315 2094
183 1856
635 2261
366 2124
182 1857
127 1866
706 2266
215 1926
285 2067
647 2257
215 1930
745 2284
214 1924
803 2320
709 2275
631 2264
184 1861
543 2251
283 2064
265 1969
360 2127
650 2261
211 1932
701 2270
706 2278
80 1874
186 1865
740 2288
539 2254
209 1934
211 1918
280 2059
626 2268
653 2265
697 2273
354 2130
188 1869
258 1973
735 2292
186 1872
622 2271
534 2258
351 2132
258 1978
208 1912
656 2269
213 1941
692 2277
276 2052
190 1874
430 2205
734 2300
445 2239
659 2273
198 1939
730 2296
251 1977
780 2313
206 1907
617 2275
215 1945
529 2262
715 2289
209 1947
192 1878
427 2205
687 2281
252 1984
442 2241
109 1893
355 2150
272 2045
662 2277
613 2278
525 2265
528 2269
718 2293
729 2304
194 1882
440 2243
203 1901
193 1908
724 2301
424 2198
683 2284
244 1981
219 1952
526 2271
727 2306
665 2281
196 1886
245 1988
608 2282
520 2269
217 1957
268 2038
221 1956
200 1895
678 2288
668 2285
419 2192
241 1991
237 1985
201 1962
531 2278
603 2286
224 1961
409 2206
671 2289
734 2315
264 2031
533 2282
234 1980
599 2289
226 1965
245 1997
413 2185
228 1969
247 2001
372 2167
231 1974
260 2024
594 2293
740 2323
538 2289
240 2039
250 2006
407 2178
590 2296
540 2293
233 2045
405 2177
684 2323
256 2017
394 2228
252 2010
32 1916
383 2166
585 2300
384 2164
449 2278
545 2300
400 2170
387 2188
581 2303
547 2304
542 2307
576 2307
378 2224
545 2311
377 2155
3 1920
474 2279
85 1944
547 2314
445 2295
553 2313
571 2311
546 2316
380 2250
272 2171
542 2319
538 2322
462 2303
486 2292
533 2326
188 2057
84 1967
529 2329
311 2212
128 1987
87 1980
326 2235
194 2140
507 2314
159 2075
120 2014
31 1990
190 2167
514 2322
68 2003
300 2252
142 2050
280 2241
114 2032
28 2008
296 2264
234 2241
129 2136
106 2061
196 2228
170 2213
111 2117
178 2228
43 2049
175 2256
53 2082
154 2254
248 2318
61 2109
59 2193
89 2239
59 2211
106 2302
11 2159
78 2291
95 2318
93 2325
37 2309
37 2315
1 2313
