418 113
433 107
434 105
435 94
386 116
436 90
381 115
437 85
435 84
375 114
369 113
376 149
419 83
372 147
414 82
367 145
407 81
363 143
358 141
354 139
385 79
346 171
341 169
378 78
336 167
331 165
326 163
323 162
356 76
318 160
315 159
349 75
310 157
305 155
300 153
297 152
330 73
328 75
292 150
288 177
286 179
287 148
283 146
283 144
322 247
284 141
315 50
327 93
329 94
274 143
286 135
266 184
287 132
265 186
266 141
289 129
257 166
293 129
310 104
342 102
258 139
308 109
299 131
251 162
255 138
291 49
264 200
289 51
247 160
252 141
304 133
263 204
293 105
306 116
244 158
309 135
245 155
263 210
249 147
265 211
312 136
273 51
271 214
271 54
304 291
232 138
230 135
299 289
268 60
256 227
296 288
227 129
293 287
254 232
216 200
288 285
224 124
252 237
210 191
288 302
249 55
208 193
250 242
206 192
282 283
209 195
221 118
247 58
203 183
306 321
251 244
279 282
282 307
199 186
245 64
256 247
279 309
275 280
217 111
259 249
199 214
270 277
297 329
262 251
214 105
271 316
241 259
229 64
191 206
211 100
188 196
263 272
252 265
227 67
211 97
240 266
288 337
255 267
178 193
302 349
225 74
213 91
175 195
300 353
239 274
283 331
194 97
214 88
223 79
298 357
223 81
170 198
216 84
189 99
167 200
238 282
296 361
185 101
238 306
237 307
162 203
294 366
181 103
292 370
177 105
157 206
193 26
290 374
172 107
288 378
168 109
238 326
286 383
164 111
240 327
284 387
160 113
242 335
282 391
156 115
159 272
280 396
151 117
156 278
278 400
147 119
213 339
276 404
143 121
153 284
133 259
274 408
139 123
129 257
150 290
135 125
272 413
124 255
148 295
131 127
270 417
212 362
268 421
209 364
125 131
266 426
149 306
265 427
121 133
204 367
199 370
259 423
115 137
150 317
255 421
111 139
195 378
105 143
248 417
151 327
188 383
102 146
242 413
223 402
184 386
99 152
226 404
238 411
152 338
231 407
96 158
176 377
93 164
90 170
58 254
168 368
160 359
57 252
57 250
87 176
52 263
58 246
50 265
84 182
59 242
60 238
81 188
61 234
62 230
78 194
63 226
75 199
64 222
72 204
65 218
66 214
49 316
49 332
75 394
68 395
61 396
58 397
57 395
50 368
55 387
51 372
52 376
