301 221
324 213
327 216
331 222
333 225
336 230
271 179
340 236
270 178
343 241
265 181
345 244
347 247
249 262
258 186
246 264
350 252
253 189
243 266
333 154
240 268
225 237
354 258
330 149
237 270
223 234
246 194
356 261
235 272
221 231
295 134
241 197
359 266
325 142
297 132
235 279
218 226
361 269
323 138
300 130
216 223
363 272
234 202
305 127
366 277
210 265
241 288
212 217
318 131
229 205
308 125
214 215
206 267
243 292
202 260
312 123
217 213
370 283
202 269
373 288
195 264
198 271
249 301
375 291
194 273
251 305
377 294
188 268
190 275
380 299
255 311
182 271
185 278
179 273
258 316
384 305
180 281
386 308
173 276
261 321
174 285
170 278
389 313
264 326
425 144
170 287
391 316
255 333
428 142
168 289
163 282
393 319
267 331
161 279
259 339
433 139
396 324
172 295
159 276
261 342
271 337
438 136
174 299
263 345
273 341
156 271
400 330
441 134
264 348
154 268
402 333
178 305
260 351
277 347
446 131
180 309
151 263
405 338
449 129
280 352
407 341
254 355
270 360
183 314
148 258
454 126
409 344
283 357
250 358
146 255
252 362
273 365
186 319
459 123
412 349
286 362
143 250
244 362
276 370
189 324
464 120
141 247
416 355
240 365
191 328
290 368
467 118
279 375
138 242
129 318
419 360
292 372
472 115
282 380
234 369
195 334
135 237
124 321
123 322
197 338
423 366
296 378
230 372
477 112
133 234
285 385
233 377
424 369
228 369
480 110
299 383
130 229
288 390
226 366
201 345
115 327
422 374
129 331
485 107
302 388
421 377
192 354
240 386
291 395
126 223
110 330
222 360
205 351
418 379
132 336
490 104
115 110
194 357
434 378
305 393
294 400
493 102
196 360
207 355
123 218
111 112
413 382
135 341
211 362
437 383
296 403
233 398
308 398
199 365
498 99
101 337
120 213
106 115
408 385
138 346
299 408
118 210
441 390
312 404
238 405
135 352
96 340
101 118
504 95
403 388
302 413
142 352
137 355
115 205
314 408
240 409
304 416
96 121
445 397
509 92
398 391
144 356
526 305
112 200
318 414
87 347
141 362
307 421
91 124
245 416
448 402
514 89
86 348
110 197
393 394
517 87
393 400
321 419
247 420
144 367
310 426
86 127
150 365
107 192
535 298
390 402
452 409
386 398
522 84
105 189
324 424
147 372
92 357
313 431
81 130
153 370
252 427
540 295
385 405
381 401
72 354
527 81
94 361
102 184
327 429
456 416
316 436
76 133
156 375
254 431
151 379
68 356
329 432
317 439
376 404
532 78
99 179
459 421
72 136
378 410
159 380
314 441
64 358
154 384
535 76
97 176
476 414
259 438
100 370
371 407
551 287
335 428
311 443
373 413
60 360
463 428
163 386
261 442
540 73
102 374
94 171
339 426
479 419
366 410
158 391
56 362
78 145
306 446
165 390
558 282
545 70
366 418
303 448
52 364
482 424
361 413
161 396
467 435
90 165
345 422
81 150
266 449
548 68
484 427
108 383
256 457
48 366
361 421
298 451
349 420
268 453
469 440
565 277
164 401
87 160
84 155
258 460
171 399
553 65
110 387
44 368
543 375
490 423
465 443
260 463
41 370
292 455
546 379
174 404
558 62
168 408
273 460
572 272
494 421
114 393
461 446
560 61
263 468
287 458
275 464
549 384
177 409
576 269
264 471
171 413
276 465
563 64
46 377
457 449
117 398
284 460
500 417
550 387
261 473
108 406
48 381
180 414
581 266
453 452
174 418
547 389
504 415
258 475
120 403
567 70
110 409
488 455
544 391
26 380
449 455
569 73
184 420
253 478
123 408
501 452
113 414
510 411
178 425
22 382
491 460
539 394
54 390
445 458
285 478
250 480
186 424
572 78
503 455
514 409
18 384
592 258
116 419
181 430
127 414
494 465
287 482
441 461
534 397
57 395
505 459
245 483
522 437
576 84
129 418
119 424
520 405
184 435
437 464
497 470
11 388
529 400
60 400
291 488
599 253
192 433
240 486
526 441
579 89
55 406
433 467
280 498
122 429
133 424
500 475
293 492
511 468
6 391
188 442
581 92
195 438
235 489
57 409
282 501
64 406
572 411
429 470
606 248
125 434
531 448
2 393
583 95
232 491
136 429
59 412
503 480
620 339
284 504
297 498
426 472
191 447
198 443
0 395
67 411
533 451
575 416
229 493
128 439
532 453
586 100
62 417
139 434
506 485
520 461
287 509
422 475
227 490
613 243
300 503
201 448
70 416
578 421
195 454
225 487
131 444
65 422
142 439
418 478
509 490
579 424
290 514
617 240
590 106
6 404
303 508
551 438
577 425
205 454
219 499
198 459
592 109
222 482
134 449
414 481
68 427
512 495
622 237
555 436
146 445
9 409
306 513
294 520
207 458
76 425
220 479
513 498
571 428
70 430
214 502
201 464
410 484
595 114
137 454
559 434
148 449
12 414
309 518
297 525
79 430
597 117
217 474
73 435
406 487
209 505
563 432
508 502
140 459
216 518
599 120
631 230
205 471
213 467
152 455
15 419
312 523
82 435
402 490
504 505
301 531
76 440
204 508
143 464
602 125
636 227
155 460
315 528
398 493
523 511
145 467
19 425
304 536
86 441
79 445
499 509
214 528
198 512
394 496
158 465
21 429
606 131
526 516
148 472
495 512
319 534
307 541
664 345
89 446
82 450
644 221
213 534
193 515
608 134
528 519
390 499
306 544
84 453
161 470
321 538
491 515
190 517
151 477
212 538
92 451
648 218
304 548
386 502
611 139
531 524
188 514
27 438
87 458
211 542
486 519
154 482
165 476
613 142
325 544
211 544
302 552
653 215
186 511
96 457
29 442
615 145
90 463
535 530
167 480
482 522
327 548
300 556
157 487
657 212
183 506
99 462
180 528
215 551
656 209
178 526
618 150
298 560
93 468
538 535
477 526
160 492
171 486
331 554
180 501
35 451
176 531
540 538
296 564
173 529
103 468
96 473
473 529
219 558
622 156
163 497
174 491
651 202
37 455
294 567
177 496
98 476
543 543
624 159
168 532
106 473
469 532
368 519
170 536
649 198
289 570
223 565
167 538
101 481
546 548
627 164
163 535
109 478
464 536
43 464
103 484
548 551
330 575
284 573
629 167
644 191
158 538
460 539
227 572
45 468
631 170
113 484
715 310
106 489
551 556
279 576
641 186
334 581
456 542
157 546
153 541
553 559
634 175
116 489
336 584
109 494
231 579
274 579
150 543
638 181
220 585
153 550
51 477
451 546
556 564
233 582
148 540
119 494
222 588
112 499
269 582
340 590
53 481
447 549
146 537
342 593
560 570
240 584
115 504
697 2
451 559
123 500
264 585
139 549
734 330
143 532
161 561
345 598
245 586
563 575
118 509
141 529
126 505
259 588
59 490
738 334
565 578
133 552
120 512
164 565
256 590
136 559
61 494
450 570
349 604
138 524
363 596
121 515
130 511
568 583
132 561
742 340
351 607
127 555
167 570
580 577
365 599
118 517
128 563
744 343
708 171
134 518
237 610
367 602
455 577
571 588
596 571
122 558
236 612
258 610
67 503
355 613
112 520
573 591
747 347
172 577
585 584
370 607
458 582
69 507
258 615
121 567
116 561
600 577
230 615
358 618
169 584
106 523
576 596
588 589
751 353
373 612
117 569
461 587
602 580
360 621
177 584
578 599
172 588
752 222
734 183
225 618
590 592
110 564
101 526
362 624
113 571
648 536
604 584
755 221
174 591
75 516
737 2
180 589
377 618
581 604
670 524
756 360
601 586
247 629
219 621
109 574
759 220
173 595
740 179
77 520
95 529
467 596
651 542
103 568
366 630
582 608
758 363
380 623
216 623
673 529
172 599
101 565
249 635
102 576
113 580
766 218
746 175
369 635
89 532
675 533
654 548
171 603
644 561
750 2
383 628
250 638
582 615
762 369
472 603
368 637
210 626
466 607
98 560
86 534
115 584
83 529
168 605
97 579
579 617
245 644
656 553
468 610
773 216
765 373
752 171
88 543
252 644
165 607
205 629
679 540
246 647
576 619
95 555
362 641
651 556
118 589
680 541
470 613
755 169
477 610
253 647
247 650
389 637
359 643
90 584
472 616
160 610
769 379
780 214
120 593
571 622
199 632
248 654
377 649
474 619
157 612
771 382
761 165
392 642
196 634
85 587
482 617
277 652
634 601
353 647
778 57
566 625
476 622
124 599
787 212
764 163
576 635
774 386
279 655
381 655
691 533
151 616
782 55
190 637
396 648
126 603
561 628
479 627
281 658
638 607
121 607
347 651
78 592
487 624
794 210
770 159
187 639
801 364
637 609
696 530
778 392
787 53
385 661
123 610
344 653
399 653
129 608
556 631
773 157
482 632
582 643
788 51
284 663
798 209
74 595
490 628
578 646
142 618
145 624
387 664
73 596
632 612
181 642
131 612
286 666
126 615
402 658
575 648
551 634
703 525
485 637
785 46
783 399
141 626
493 633
296 663
586 649
288 669
337 658
136 620
572 650
627 615
805 204
176 645
139 628
391 670
487 640
785 402
78 603
584 654
591 637
546 637
782 41
130 622
299 668
63 601
589 654
291 674
809 202
646 624
710 520
622 618
331 662
490 645
177 658
408 667
566 654
170 648
301 671
395 676
81 608
596 634
789 408
648 627
541 640
59 603
500 642
328 664
588 661
592 659
778 35
167 650
303 674
397 679
715 517
617 621
295 680
650 630
493 650
411 672
561 657
792 412
55 605
84 613
601 631
147 639
536 643
718 516
170 662
776 31
503 647
614 623
818 196
652 633
558 659
591 667
322 668
306 679
161 653
596 665
298 685
51 607
496 655
401 685
653 636
607 632
150 643
606 628
415 678
531 646
612 629
165 665
796 418
158 655
823 193
164 666
403 688
594 672
82 624
599 670
552 663
649 639
316 672
798 421
499 660
90 622
302 691
153 648
770 22
418 683
552 667
526 649
79 626
601 673
312 687
828 190
500 663
722 583
511 658
801 425
597 678
407 694
547 666
768 18
93 627
169 673
305 696
497 665
421 688
148 659
547 670
521 652
28 620
74 629
642 644
854 333
153 669
315 692
409 697
544 668
834 186
494 667
600 683
856 335
735 503
805 431
172 678
829 120
149 671
309 702
69 632
610 666
142 662
412 702
858 338
750 546
738 501
839 183
538 672
489 670
540 675
33 627
762 9
635 649
247 720
99 636
145 673
603 689
411 705
427 697
321 700
517 671
312 707
834 125
615 663
632 651
810 438
177 685
136 665
743 498
760 5
141 675
515 676
844 180
62 636
484 673
535 678
409 709
245 725
36 632
102 641
314 710
519 675
430 702
812 441
324 705
607 695
838 130
137 677
180 690
35 638
407 714
521 679
243 730
432 705
130 668
531 682
57 639
479 676
39 637
609 698
317 715
625 656
850 176
134 678
519 683
106 647
751 492
816 447
405 718
842 135
319 718
38 643
241 735
130 680
474 679
815 449
124 671
330 713
527 688
855 173
185 697
521 688
613 704
109 652
179 701
50 643
122 672
756 489
528 690
842 432
471 681
403 723
884 321
126 682
441 699
41 648
518 690
846 140
615 707
239 741
181 704
323 724
120 669
886 323
333 718
860 170
188 702
809 453
237 742
122 684
401 728
445 697
183 707
466 684
531 696
118 666
848 428
44 653
806 455
850 145
326 729
763 484
619 713
185 710
463 686
511 694
232 744
889 329
118 686
397 731
866 166
533 700
852 426
328 732
193 709
97 673
187 713
865 164
339 726
768 481
854 150
800 459
458 689
114 690
535 704
330 735
708 666
393 734
505 697
892 335
225 746
52 671
857 423
115 692
196 714
342 731
223 747
191 719
502 699
452 727
533 710
389 737
336 738
538 709
333 740
794 463
894 340
861 421
251 763
118 697
46 674
252 764
335 743
457 727
385 740
540 713
496 702
790 466
201 721
536 716
708 682
195 725
43 676
779 473
453 736
459 723
897 346
337 746
100 693
867 417
542 717
381 743
350 742
491 705
204 726
73 695
240 773
871 415
37 679
199 731
124 706
340 751
544 721
211 737
492 711
540 723
900 352
377 746
877 424
466 719
458 743
353 746
69 698
486 708
546 725
876 412
488 713
32 682
127 711
373 749
236 780
344 757
543 729
471 716
461 748
356 751
880 410
345 760
480 711
63 702
369 752
27 685
475 714
482 717
343 761
550 732
29 692
546 735
232 787
25 682
365 755
466 755
931 340
133 720
886 406
552 736
361 758
125 725
57 706
23 679
386 774
282 763
549 741
890 404
127 728
54 708
385 776
554 740
469 760
136 725
34 699
228 794
548 743
20 674
129 731
36 703
895 401
557 745
940 347
48 712
906 441
17 669
474 767
224 801
899 399
385 786
133 737
559 749
539 746
908 447
142 734
44 715
476 770
52 725
135 740
41 710
14 664
561 753
911 450
534 748
948 353
905 395
913 436
137 743
220 808
145 739
321 776
481 768
563 757
11 659
139 746
341 792
484 767
909 393
529 750
386 798
352 793
918 433
915 456
553 765
565 761
954 358
141 749
216 815
8 654
554 768
489 765
60 736
914 390
523 752
918 461
555 772
925 428
918 388
5 649
494 763
63 741
518 754
212 822
387 810
921 466
497 762
881 522
930 425
944 367
219 830
2 644
465 806
923 469
513 756
557 780
516 763
353 810
925 384
220 832
502 760
208 829
505 759
926 474
882 529
469 811
511 765
937 420
71 752
559 788
388 823
227 837
214 840
881 534
935 375
567 790
930 480
942 417
474 817
230 839
74 757
212 843
201 838
880 539
561 796
210 846
354 827
933 485
234 842
478 822
198 843
977 384
389 835
208 849
879 544
949 412
935 488
238 845
206 852
563 804
482 827
878 549
568 805
82 768
981 390
954 409
938 493
204 855
388 843
935 514
980 392
877 554
484 832
202 858
245 850
922 532
390 847
85 773
565 812
508 820
190 854
941 498
898 554
200 861
975 395
355 845
244 857
961 404
876 559
941 510
486 837
943 501
878 561
510 825
972 397
566 818
1000 387
945 508
902 559
875 564
569 820
877 565
966 401
488 842
196 867
185 861
567 821
512 829
1003 390
904 562
391 859
91 783
874 569
570 825
490 847
514 834
192 873
1006 395
180 868
907 568
873 574
988 414
569 831
356 862
492 852
95 790
571 831
516 838
1008 398
189 877
389 870
177 872
250 876
872 579
387 871
910 574
246 879
518 843
494 857
572 837
1011 403
570 839
99 797
873 584
495 860
185 883
174 877
520 847
912 579
1004 418
388 878
571 842
247 885
573 843
1015 409
102 802
497 865
522 851
1006 421
251 888
181 889
252 889
389 884
523 854
357 880
104 806
574 849
358 881
247 893
179 892
341 882
1018 414
914 588
573 852
339 883
525 858
166 888
177 895
1020 417
499 874
246 897
362 879
390 891
575 855
108 813
527 863
501 879
1023 422
165 896
576 860
251 903
1019 441
173 901
266 888
391 898
575 862
529 867
106 823
112 820
1026 427
922 601
575 866
577 866
531 871
169 907
573 867
503 888
392 905
1028 430
924 604
532 874
115 825
167 910
365 902
578 872
504 892
926 607
110 830
534 878
567 870
117 829
393 912
165 914
281 887
252 919
246 920
506 897
929 612
579 878
244 921
113 836
536 883
562 872
147 868
537 884
167 919
394 918
931 615
366 913
115 839
121 836
149 914
580 884
168 922
508 904
541 882
933 618
307 893
237 923
556 875
123 839
380 923
304 885
395 925
935 621
545 880
170 927
581 890
119 846
296 886
1092 336
232 925
144 920
253 935
510 911
937 624
367 925
356 927
172 932
374 929
396 932
974 601
511 915
568 896
122 852
173 935
940 629
130 850
376 936
138 927
513 920
942 632
397 939
1083 150
175 941
944 635
176 942
357 940
254 951
515 928
398 946
948 641
178 949
1108 374
517 933
399 953
1026 580
180 956
1114 370
123 941
193 945
255 967
181 960
174 962
1118 368
400 961
520 944
569 927
197 947
175 965
570 928
1123 365
176 968
183 967
1108 27
522 950
401 969
177 971
1127 363
1137 309
184 971
204 952
368 971
24 908
524 955
179 976
256 983
967 662
402 977
1141 313
209 955
186 978
1134 359
107 956
1122 135
1122 50
996 647
526 962
1147 304
181 983
588 927
187 982
971 669
1145 319
403 985
1135 410
215 960
394 987
1140 355
528 967
369 986
100 960
1148 323
183 990
189 989
1144 353
257 999
404 992
975 676
530 974
190 993
93 964
1149 350
1152 329
1138 41
185 998
532 979
405 1000
979 683
390 1002
1153 348
1155 333
192 1000
607 926
186 1002
217 977
370 1002
388 1003
86 968
372 1003
193 1004
596 960
187 1006
982 689
218 982
258 1015
406 1008
1159 339
535 988
1160 344
24 945
189 1011
79 972
251 1020
226 985
981 695
195 1011
259 1021
537 993
248 1022
407 1016
1086 601
196 1015
227 991
980 701
72 976
539 998
260 1027
191 1020
626 925
360 1020
1179 355
70 973
192 1023
358 1021
976 704
241 1026
408 1024
198 1022
1185 221
220 999
541 1003
605 978
228 998
261 1033
1182 358
262 1034
972 706
199 1026
67 968
221 1003
543 1008
1023 690
637 930
229 1004
194 1031
234 1030
409 1032
1186 364
233 1028
1058 663
639 932
269 1033
545 1013
201 1033
195 1035
964 706
413 1035
1188 367
230 1010
645 924
202 1037
222 1014
1028 697
196 1039
341 1023
547 1018
276 1032
646 922
417 1038
1184 42
370 1042
1191 372
640 941
1177 461
223 1018
197 1043
642 942
1031 702
335 1024
421 1041
53 998
225 1044
208 1044
284 1031
646 942
371 1049
1195 378
647 940
991 734
1197 381
330 1033
204 1052
46 1002
428 1046
1195 12
291 1030
372 1056
324 1025
201 1054
1200 386
1194 460
611 1015
432 1049
322 1034
613 1016
319 1026
39 1006
373 1063
299 1029
195 1057
318 1033
1204 392
35 1008
1200 470
1201 456
315 1035
439 1054
548 1047
33 1010
190 1060
374 1070
1204 469
1004 750
306 1028
1143 611
646 892
1050 720
1207 397
641 971
644 891
443 1057
1183 536
1146 614
543 1051
1209 400
1208 452
652 973
184 1063
375 1077
37 1017
1205 485
654 974
1211 403
449 1059
539 1054
1241 203
1150 620
179 1066
40 1022
1215 448
635 1018
376 1084
1214 408
454 1061
613 1042
535 1057
1244 206
1152 623
661 976
42 1026
173 1069
455 1069
531 1060
459 1063
642 1019
377 1091
1155 628
1222 444
638 1033
1218 414
1247 212
643 1017
45 1031
173 1078
640 1035
168 1072
1225 442
460 1071
610 1054
1220 417
1068 737
464 1065
369 1096
614 1054
648 1021
535 1073
367 1097
47 1035
642 997
378 1098
1159 634
1250 218
522 1062
642 1040
1228 437
469 1067
1223 422
162 1075
381 1100
616 1059
1161 637
519 1063
49 1039
173 1087
50 1040
1230 434
1225 425
1247 105
1253 224
1069 750
474 1069
644 1047
157 1078
1229 431
1164 642
618 1065
387 1103
534 1085
175 1093
511 1065
478 1071
354 1099
57 1036
1256 230
533 1088
176 1096
646 1052
151 1081
478 1079
620 1071
178 1097
507 1066
350 1100
55 1050
393 1106
1168 648
61 1034
1058 772
648 1057
531 1094
1170 651
486 1070
482 1081
1259 236
57 1054
146 1084
622 1076
502 1068
1236 518
398 1108
505 1077
347 1110
484 1083
397 1112
185 1099
66 1031
59 1058
1173 656
529 1100
402 1111
1262 242
624 1082
140 1087
70 1029
165 1110
190 1101
651 1066
1285 218
337 1102
61 1062
528 1104
338 1111
486 1092
74 1027
1265 247
157 1112
1177 662
408 1114
333 1103
626 1088
653 1071
63 1066
526 1108
486 1095
133 1091
197 1103
627 1091
578 1109
79 1024
65 1070
1180 667
411 1120
524 1112
1268 253
484 1099
329 1112
414 1117
202 1105
629 1096
1182 670
127 1094
483 1102
83 1022
1293 146
415 1122
656 1080
1058 804
522 1117
630 1099
1271 259
1184 673
149 1123
320 1105
69 1077
420 1120
87 1020
419 1124
481 1107
204 1116
122 1097
209 1107
631 1102
320 1113
658 1085
520 1121
91 1024
1062 808
673 1078
316 1106
71 1081
1187 678
146 1128
479 1111
425 1123
94 1022
1274 265
92 1017
518 1125
214 1109
1255 572
633 1108
116 1100
73 1085
426 1128
97 1020
1065 814
211 1121
96 1015
311 1114
477 1116
661 1094
516 1130
1191 684
431 1126
1277 271
100 1018
75 1089
1067 817
635 1113
141 1135
111 1103
476 1119
221 1111
431 1131
100 1013
482 1122
216 1124
1193 687
521 1136
304 1108
103 1016
514 1134
663 1099
474 1123
146 1143
78 1094
437 1129
1280 277
302 1115
226 1113
637 1119
138 1140
1070 823
105 1106
105 1010
512 1138
518 1141
1196 692
437 1134
473 1126
108 1013
222 1129
80 1098
296 1109
1040 824
143 1148
297 1116
1198 695
109 1008
1073 828
103 1113
1283 283
639 1125
510 1143
666 1108
100 1109
681 1101
233 1115
471 1131
444 1133
293 1110
82 1102
141 1151
101 1114
1261 611
596 1143
515 1147
133 1147
293 1117
640 1128
114 1009
682 1104
444 1138
113 1006
508 1147
1036 829
1324 126
139 1154
469 1135
1076 833
513 1150
668 1113
238 1117
1264 614
84 1106
1202 701
111 1135
683 1107
94 1112
288 1118
450 1136
130 1152
642 1133
473 1140
1078 836
285 1111
449 1141
129 1153
118 1003
1296 287
1282 293
506 1152
120 1005
86 1110
467 1140
136 1159
643 1136
284 1119
685 1112
1267 619
1205 706
510 1156
282 1112
244 1119
1036 837
89 1115
137 1161
453 1143
122 1001
466 1143
1037 838
1329 55
115 1142
456 1139
504 1156
127 1158
644 1139
686 1115
671 1122
465 1144
470 1146
1207 709
279 1120
470 1148
113 1146
249 1118
1039 835
1083 843
122 1148
117 1145
687 1118
126 999
141 1164
502 1160
1300 556
128 1000
1281 303
1271 626
673 1127
124 1163
206 1146
275 1121
646 1145
688 1121
474 1151
1211 715
500 1164
145 1167
255 1117
1087 848
689 1124
270 1114
128 1170
271 1122
648 1150
1040 851
690 1127
1310 299
1275 633
149 1170
260 1116
1214 720
1090 852
511 1173
649 1153
480 1155
201 1154
676 1136
1280 313
266 1123
493 1164
118 1172
124 1176
1216 723
692 1132
650 1156
153 1173
198 1158
122 1179
678 1141
1094 857
151 1178
58 1146
1218 726
1279 640
155 1176
115 1177
102 1163
516 1180
1328 535
156 1169
120 1182
694 1138
1279 322
652 1162
596 1182
194 1163
1098 862
1221 731
147 1184
594 1183
488 1180
1245 714
519 1185
1283 647
111 1183
184 1137
654 1167
188 1130
681 1150
696 1144
162 1181
160 1163
116 1188
1101 866
96 1170
145 1188
655 1170
1294 330
1225 737
1278 332
165 1183
485 1186
683 1155
108 1188
90 1170
179 1142
698 1150
145 1193
198 1178
113 1193
187 1171
1103 871
524 1192
1287 654
1227 740
164 1157
657 1176
169 1186
141 1194
143 1196
482 1191
90 1177
166 1154
195 1182
700 1155
1265 712
184 1175
111 1198
175 1147
527 1197
104 1195
1230 745
42 1171
139 1198
173 1189
1277 342
1105 878
686 1164
701 1158
170 1194
659 1182
1291 661
192 1186
140 1202
1232 748
479 1197
109 1203
702 1161
44 1175
137 1202
102 1200
661 1186
179 1181
1107 883
688 1169
84 1184
189 1190
532 1204
166 1200
46 1179
1274 706
135 1206
107 1208
1295 668
137 1208
100 1205
1236 754
704 1167
475 1204
82 1189
1396 146
164 1204
1109 890
48 1183
1278 704
133 1210
535 1209
705 1170
666 1193
105 1213
135 1213
98 1210
691 1178
1239 759
80 1194
1110 894
1299 675
50 1187
131 1214
668 1196
707 1174
472 1210
1241 762
96 1214
103 1218
160 1210
693 1183
1111 898
670 1199
132 1219
540 1216
52 1191
129 1218
78 1199
1243 765
1287 698
158 1214
94 1219
101 1223
1303 682
694 1188
468 1217
127 1222
54 1196
576 1223
76 1204
543 1221
1291 696
1246 770
129 1226
574 1224
99 1228
1305 687
71 1205
125 1226
56 1200
1420 235
1157 881
154 1221
465 1223
690 1194
91 1227
74 1210
1302 689
127 1231
70 1209
153 1224
1250 776
58 1204
123 1231
548 1228
568 1227
1112 914
688 1198
89 1231
69 1212
463 1228
72 1215
97 1237
88 1234
60 1208
452 1224
151 1230
20 1213
125 1238
551 1233
1113 919
463 1232
96 1240
1254 782
552 1234
70 1220
560 1230
67 1219
1289 756
62 1212
86 1239
66 1220
149 1235
56 1217
119 1242
65 1218
123 1245
445 1220
1257 787
24 1220
68 1225
94 1248
118 1245
84 1244
68 1227
1259 790
147 1241
117 1248
724 1206
440 1217
93 1252
634 1249
27 1225
121 1252
1261 793
82 1249
1377 633
81 1250
158 1250
669 1240
92 1256
474 1245
436 1215
145 1247
1277 786
29 1229
72 1234
115 1254
120 1256
557 1251
157 1253
79 1247
1264 798
91 1260
144 1251
432 1213
670 1245
477 1249
74 1238
1386 629
118 1261
32 1234
1440 47
1272 798
114 1261
143 1255
1459 198
1390 630
1268 804
155 1261
671 1251
34 1238
142 1259
425 1209
1270 807
630 1269
1123 949
117 1269
113 1268
1444 301
141 1263
37 1243
672 1257
1449 4
485 1259
90 1274
420 1206
153 1269
416 1213
1125 954
1273 812
631 1275
1401 630
140 1267
39 1247
89 1278
701 1251
112 1276
416 1204
673 1263
1275 815
1368 398
706 1250
139 1271
604 1284
712 1246
632 1281
700 1255
1277 818
1407 633
151 1277
42 1252
1361 716
1396 665
138 1275
1408 631
674 1269
89 1285
606 1288
111 1283
699 1259
91 1286
718 1248
44 1256
633 1287
536 1273
1280 823
116 1287
137 1279
1407 627
1364 720
495 1271
608 1293
698 1263
149 1285
675 1275
634 1291
116 1291
47 1261
110 1291
724 1251
531 1276
1471 28
1367 724
498 1275
1405 622
98 1288
118 1292
109 1292
402 1252
697 1267
1284 829
610 1298
676 1280
423 1276
148 1291
528 1278
49 1265
696 1271
1286 832
1370 728
1403 617
635 1299
612 1303
525 1280
114 1300
677 1286
126 1294
695 1275
636 1302
52 1270
417 1280
126 1297
136 1296
1289 837
1401 612
88 1306
135 1297
614 1308
130 1295
506 1285
383 1215
694 1279
414 1282
678 1292
1375 735
54 1274
519 1284
1291 840
697 1281
81 1308
1399 607
616 1312
79 1309
637 1310
56 1278
1378 739
693 1285
510 1290
679 1298
638 1313
375 1237
1295 846
1397 602
618 1317
412 1293
1381 743
680 1304
58 1285
371 1239
692 1292
1395 597
670 1310
1383 746
1298 851
68 1310
696 1295
1417 708
66 1311
1300 854
681 1310
147 1320
1386 750
65 1309
1393 592
640 1325
60 1292
365 1243
691 1299
695 1300
55 1296
526 1315
1302 857
147 1323
682 1316
1389 754
1391 587
361 1246
400 1304
62 1299
1305 862
641 1333
148 1330
683 1321
1392 758
531 1322
1389 582
1342 838
642 1336
365 1253
1344 841
1309 868
684 1327
1387 577
534 1327
149 1337
27 1318
367 1257
1397 765
1311 871
643 1344
1347 846
1385 572
685 1333
644 1347
1400 769
538 1333
1183 1011
150 1345
1314 876
111 1350
113 1351
1350 851
1349 489
1383 567
527 1340
686 1339
1316 879
1403 773
541 1338
109 1355
151 1352
421 1344
1177 1016
1187 1018
1381 562
1405 777
108 1358
687 1345
646 1359
695 1334
1320 885
387 1331
107 1361
1354 498
1356 860
398 1340
1379 557
546 1345
1172 1020
152 1359
1190 1024
688 1351
1171 1023
1323 890
105 1366
548 1349
1359 865
647 1367
1377 552
696 1342
1357 504
380 1335
1192 1029
1325 893
689 1357
1173 1027
648 1370
690 1358
1344 884
103 1372
1375 547
1327 896
375 1338
1363 871
1175 1031
78 1376
1360 510
1195 1035
553 1356
694 1356
102 1375
140 1372
697 1351
1373 542
1177 1035
1330 901
1450 762
370 1341
1362 515
1366 876
107 1381
556 1361
1198 1041
100 1381
650 1382
138 1378
43 1374
83 1383
692 1370
1371 537
1179 1040
106 1385
1364 520
1334 907
366 1336
696 1372
137 1382
1200 1046
85 1387
98 1386
105 1388
693 1375
560 1367
1181 1044
1369 532
1336 910
651 1390
77 1392
1366 525
363 1332
698 1377
135 1388
104 1393
562 1371
1183 1048
652 1393
694 1381
96 1392
89 1393
1339 915
360 1328
134 1392
1432 501
1407 818
354 1351
565 1376
695 1386
1341 918
700 1385
94 1398
1202 1059
653 1401
1372 899
102 1402
310 1297
679 1395
132 1398
567 1380
1416 822
705 1387
349 1354
654 1404
696 1392
702 1390
1345 924
131 1402
1203 1067
570 1385
314 1303
697 1397
707 1393
101 1410
344 1357
142 1408
1348 930
704 1398
572 1389
129 1408
316 1307
1202 1073
709 1398
698 1403
339 1360
101 1416
656 1416
105 1416
128 1412
706 1403
1201 1078
711 1402
432 1413
1350 937
699 1408
576 1396
107 1420
334 1363
1386 915
429 1415
126 1418
657 1424
713 1407
1352 942
331 1365
1200 1084
429 1418
1388 919
700 1414
426 1417
579 1401
658 1427
125 1422
111 1427
328 1361
715 1412
1354 947
137 1427
301 1325
711 1415
581 1405
340 1386
701 1420
1196 1091
136 1430
123 1428
420 1421
717 1416
325 1357
659 1435
583 1409
115 1433
1356 954
702 1425
1194 1095
714 1421
122 1432
660 1438
1424 857
719 1420
415 1424
322 1353
585 1413
117 1437
326 1386
1192 1099
308 1334
1358 959
412 1426
721 1424
703 1431
717 1427
587 1417
319 1349
348 1397
1427 864
1190 1103
409 1428
334 1401
1360 964
704 1436
320 1390
589 1421
1395 943
316 1345
725 1430
662 1450
1188 1107
351 1402
720 1433
317 1392
404 1431
1430 870
1396 947
591 1426
705 1442
727 1434
1186 1111
1362 971
314 1394
1397 951
663 1458
130 1455
593 1430
706 1447
356 1409
398 1435
1184 1115
1398 954
311 1390
1364 976
1433 878
664 1461
726 1442
50 1461
731 1440
309 1399
595 1434
395 1437
1399 958
1182 1119
485 1460
288 1357
728 1445
359 1414
707 1453
664 1465
134 1461
1366 981
733 1444
1400 961
663 1466
1274 1095
1436 884
307 1384
1451 879
422 1461
482 1462
597 1439
730 1448
1389 971
390 1440
136 1465
1401 965
708 1459
1180 1126
736 1448
658 1465
732 1451
424 1465
709 1460
387 1442
304 1380
599 1443
297 1390
301 1406
1368 988
1402 968
1437 890
300 1407
476 1465
1179 1131
384 1444
739 1452
1438 893
653 1464
103 1478
601 1447
1403 972
140 1471
17 1468
735 1456
1247 1125
473 1467
296 1368
1370 993
367 1425
381 1446
300 1374
734 1458
1404 975
1178 1136
742 1456
351 1435
301 1414
1371 996
603 1451
142 1475
648 1463
1405 979
370 1430
721 1459
712 1472
1287 1107
378 1442
1439 901
744 1459
467 1470
1252 1131
293 1416
605 1455
347 1438
1373 1001
1440 904
642 1462
281 1400
146 1481
462 1473
1407 986
1279 1121
713 1479
637 1461
148 1485
1407 989
1375 1008
1258 1138
309 1425
1441 912
636 1480
456 1476
272 1398
402 1486
632 1460
1376 1012
1442 915
618 1457
714 1487
743 1478
152 1492
1410 997
1263 1144
1300 1119
153 1493
451 1479
627 1459
267 1401
622 1458
305 1436
511 1497
1411 1000
1200 1165
406 1493
1377 1020
1443 923
157 1491
715 1495
357 1460
741 1484
445 1482
1444 926
1378 1024
740 1487
531 1501
1269 1151
1309 1121
161 1489
260 1406
353 1463
442 1484
410 1500
1414 1009
1312 1122
716 1503
411 1501
165 1487
738 1493
1200 1177
255 1409
774 1473
314 1447
1445 934
348 1467
1274 1157
620 1497
436 1487
169 1485
777 1474
1446 937
233 1390
316 1450
1320 1124
717 1511
736 1499
418 1497
1205 1181
655 1523
780 1475
171 1482
1380 1038
1425 1008
343 1471
719 1512
479 1521
431 1490
248 1414
735 1502
1279 1163
1324 1125
738 1505
424 1505
423 1494
1447 945
785 1477
1210 1185
340 1467
174 1477
228 1397
1328 1126
322 1458
737 1508
243 1417
1448 948
733 1508
226 1400
650 1533
1381 1048
1214 1188
337 1463
717 1524
791 1479
736 1512
177 1472
1333 1128
1461 949
737 1513
1382 1051
319 1467
223 1404
1449 956
236 1422
796 1481
321 1470
1219 1192
739 1517
180 1467
221 1407
1450 959
334 1493
1342 1130
219 1410
741 1521
1223 1195
231 1425
802 1483
160 1539
183 1462
1383 1061
1344 1131
727 1534
217 1413
1278 1186
743 1525
1384 1064
1451 967
569 1538
608 1532
1228 1199
728 1539
1349 1129
738 1533
327 1498
745 1528
214 1417
187 1456
1452 970
224 1430
424 1540
1352 1128
1232 1202
212 1420
729 1544
323 1501
749 1531
190 1452
742 1539
219 1433
1357 1126
1385 1075
730 1548
1453 978
209 1424
319 1504
753 1534
1237 1206
1268 1198
745 1543
1454 981
466 1560
165 1557
1443 1053
207 1427
194 1446
1362 1124
731 1553
167 1560
212 1438
205 1430
1365 1123
23 1567
755 1542
1244 1204
197 1442
732 1558
312 1509
749 1549
203 1433
1455 989
1259 1200
208 1441
1444 1062
170 1565
1248 1203
1370 1121
733 1562
62 1579
1456 992
308 1512
752 1553
1373 1120
759 1549
838 1471
426 1565
173 1570
734 1567
304 1515
1445 1072
1378 1118
756 1559
1457 1000
176 1575
735 1572
1458 1003
177 1578
755 1564
70 1590
1384 1116
297 1520
586 1575
1385 1114
174 1580
209 1565
1341 1204
1402 1105
754 1569
742 1578
293 1523
171 1582
1342 1207
852 1484
1460 1013
75 1597
539 1589
753 1574
1361 1197
289 1526
766 1572
185 1588
748 1576
298 1539
78 1601
854 1489
165 1586
187 1591
768 1576
1363 1202
1407 1117
492 1604
1462 1023
189 1594
856 1494
619 1602
81 1606
282 1531
302 1546
647 1610
159 1590
1365 1207
771 1581
191 1597
871 1478
1364 1209
858 1499
278 1534
156 1592
1362 1209
773 1585
1374 1206
193 1600
1396 1184
581 1603
306 1553
1464 1033
87 1614
274 1537
195 1603
1397 1186
775 1589
774 1590
150 1596
1370 1217
197 1606
252 1564
1446 1120
90 1619
196 1608
776 1595
310 1560
1448 1121
886 1478
145 1599
1466 1043
1372 1224
609 1622
142 1601
754 1613
890 1476
313 1565
190 1612
206 1614
139 1603
1374 1229
779 1604
229 1603
187 1614
315 1569
735 1625
895 1474
205 1619
98 1630
758 1619
1468 1053
231 1606
1376 1234
781 1609
746 1626
207 1622
133 1607
737 1630
781 1611
900 1472
760 1623
181 1618
319 1576
209 1625
738 1633
234 1611
780 1615
105 1625
749 1632
1378 1241
903 1468
1469 1122
1386 1238
739 1636
481 1645
1469 1063
779 1617
763 1628
127 1611
777 1617
1470 1120
175 1622
322 1581
27 1650
237 1616
213 1631
124 1613
110 1622
1387 1243
765 1632
752 1638
741 1642
766 1633
324 1585
907 1462
171 1625
1380 1249
1388 1248
772 1624
1474 1139
119 1616
217 1637
769 1629
1465 1150
910 1457
743 1648
243 1625
318 1596
165 1629
1389 1253
328 1592
1475 1108
1382 1257
744 1651
162 1631
221 1643
246 1630
1390 1258
321 1601
681 1668
331 1597
1470 1100
746 1657
1477 1156
1384 1265
224 1648
333 1601
156 1635
249 1635
747 1660
1391 1264
712 1669
324 1607
1392 1265
1384 1268
632 1674
226 1651
127 1655
251 1638
936 1479
1382 1269
326 1610
749 1665
1380 1268
1397 1264
613 1675
337 1608
149 1640
750 1668
1398 1262
940 1482
935 1453
230 1657
1394 1274
1380 1276
937 1453
255 1644
1386 1277
329 1616
1399 1275
752 1674
331 1619
143 1644
341 1615
466 1685
258 1649
138 1647
234 1663
753 1677
463 1687
1435 1250
344 1620
334 1625
1387 1288
261 1654
238 1669
755 1683
346 1624
457 1690
522 1694
337 1630
27 1701
955 1452
240 1672
1388 1294
1395 1294
454 1692
757 1689
267 1663
243 1677
758 1692
106 1703
935 1428
350 1631
935 1427
341 1637
933 1427
448 1695
245 1680
937 1426
108 1707
270 1668
353 1636
760 1698
971 1460
346 1642
443 1698
344 1643
472 1712
110 1711
761 1701
248 1686
457 1712
355 1640
273 1673
87 1720
977 1466
974 1451
112 1715
763 1705
437 1701
1396 1314
979 1457
471 1719
251 1692
49 1727
359 1647
114 1720
432 1704
769 1701
279 1682
254 1697
470 1726
362 1652
263 1695
773 1699
353 1659
426 1707
282 1687
364 1656
257 1703
992 1450
469 1733
1388 1331
3 1735
778 1696
997 1465
356 1664
1400 1328
1386 1332
421 1710
286 1693
1385 1330
468 1740
368 1663
1388 1337
261 1710
783 1693
435 1731
1004 1464
359 1670
1383 1338
415 1713
465 1742
289 1698
129 1737
787 1691
437 1735
361 1673
1387 1343
587 1741
602 1745
264 1716
372 1670
118 1747
410 1716
292 1703
1437 1330
1401 1342
133 1742
465 1751
1011 1449
793 1687
364 1679
1386 1350
267 1722
375 1675
430 1744
404 1719
30 1761
797 1685
367 1684
377 1679
401 1721
460 1758
1385 1357
298 1712
271 1728
801 1682
1022 1449
434 1751
399 1718
458 1761
1387 1362
1028 1463
436 1754
301 1717
371 1691
381 1686
274 1733
1384 1364
394 1715
1402 1361
1029 1448
452 1759
789 1751
395 1711
809 1676
1383 1368
304 1722
384 1691
277 1738
449 1758
1035 1462
374 1697
791 1755
376 1700
1382 1373
386 1695
384 1728
438 1766
1479 1266
280 1743
728 1777
299 1733
793 1759
391 1704
1381 1378
147 1770
130 1778
730 1780
310 1731
818 1669
1045 1461
795 1763
283 1748
378 1731
1438 1370
1047 1463
149 1774
1380 1383
797 1767
285 1751
734 1786
533 1786
313 1736
151 1778
372 1734
561 1785
735 1789
1379 1388
799 1771
288 1756
1055 1465
827 1662
316 1741
153 1782
1056 1451
671 1801
801 1775
367 1737
1378 1393
597 1797
1376 1394
291 1761
155 1786
741 1796
668 1803
1386 1397
803 1779
1374 1394
742 1798
157 1789
1376 1399
1373 1392
361 1740
850 1700
725 1798
440 1799
322 1750
294 1766
1373 1390
805 1783
836 1655
1371 1399
662 1806
852 1702
295 1769
1374 1404
1480 1297
742 1806
355 1743
807 1788
1073 1462
325 1755
164 1785
1381 1409
1049 1490
154 1802
656 1809
353 1747
1372 1409
589 1811
854 1709
327 1758
809 1792
168 1783
436 1809
1077 1450
349 1746
845 1648
156 1806
715 1807
354 1758
1370 1414
650 1812
1403 1412
1049 1497
811 1796
172 1781
419 1809
438 1813
346 1748
741 1817
856 1716
20 1826
1379 1418
158 1810
1401 1413
1047 1498
286 1780
334 1754
1380 1419
1439 1410
813 1800
176 1779
1368 1419
440 1817
178 1781
857 1720
1441 1411
648 1820
578 1821
160 1814
338 1752
283 1776
438 1821
854 1641
815 1804
527 1828
1366 1424
859 1725
162 1819
740 1828
705 1816
1447 1414
642 1823
183 1775
817 1808
1069 1506
582 1828
1364 1428
308 1792
279 1770
281 1792
869 1725
803 1817
442 1828
164 1823
187 1773
496 1838
819 1812
1452 1416
1099 1449
861 1733
863 1634
276 1766
1101 1449
585 1833
1100 1447
444 1832
635 1827
166 1827
493 1840
311 1798
191 1771
739 1838
275 1795
821 1816
313 1798
1357 1432
1100 1444
863 1738
587 1837
1458 1419
446 1836
168 1831
695 1825
272 1797
195 1769
337 1789
60 1854
488 1843
823 1820
1480 1335
272 1760
889 1672
314 1803
629 1830
589 1841
201 1775
448 1840
1463 1421
590 1842
170 1836
1350 1436
1063 1526
825 1824
872 1627
652 1853
1378 1448
874 1741
269 1756
102 1857
266 1800
204 1773
738 1849
1349 1434
317 1809
202 1765
481 1847
875 1744
1360 1448
1388 1450
1115 1443
172 1840
622 1834
827 1828
866 1749
1469 1424
547 1854
621 1832
876 1747
261 1803
1358 1451
1029 1530
597 1838
206 1763
1377 1455
654 1860
685 1834
265 1750
167 1847
174 1844
320 1814
655 1861
211 1769
877 1750
830 1833
430 1855
881 1620
131 1862
1027 1534
601 1836
210 1761
868 1756
1475 1427
1475 1427
737 1860
1355 1456
760 1858
262 1746
176 1849
878 1754
379 1843
1476 1425
1376 1462
1026 1537
254 1807
177 1850
323 1820
432 1859
256 1747
257 1813
869 1760
217 1766
605 1834
1353 1459
214 1759
1479 1357
835 1840
482 1868
1024 1541
349 1830
660 1871
434 1863
880 1760
258 1740
1132 1442
251 1747
675 1843
259 1818
147 1868
871 1765
1375 1469
248 1810
222 1763
219 1756
1393 1468
383 1850
890 1613
1350 1465
184 1846
327 1827
663 1873
736 1871
427 1868
436 1867
260 1821
1022 1546
838 1845
890 1611
247 1749
909 1639
437 1868
910 1641
882 1766
223 1754
1020 1547
385 1854
243 1813
1395 1473
261 1824
227 1760
922 1672
668 1876
474 1875
873 1773
243 1751
330 1833
888 1606
883 1770
441 1866
227 1752
191 1842
729 1876
388 1859
263 1829
242 1822
1146 1477
233 1757
886 1602
187 1867
469 1874
445 1864
1397 1480
875 1778
368 1861
844 1854
231 1750
236 1817
885 1776
516 1888
196 1839
390 1863
1150 1450
675 1880
1374 1485
1363 1480
36 1896
1150 1441
1008 1549
1398 1484
189 1871
449 1862
265 1835
723 1880
675 1884
464 1873
464 1878
468 1884
1478 1380
348 1855
672 1888
235 1826
847 1859
200 1837
392 1867
190 1874
1134 1527
266 1838
887 1782
462 1870
229 1821
453 1860
77 1903
460 1880
598 1888
674 1892
682 1884
771 1889
231 1828
1396 1491
878 1789
192 1878
717 1884
679 1890
1160 1449
205 1834
395 1872
268 1843
1347 1490
343 1861
461 1888
998 1551
852 1866
889 1789
223 1824
1395 1495
714 1886
269 1846
1033 1578
194 1882
226 1831
209 1832
397 1876
1400 1497
678 1898
682 1895
1384 1497
944 1656
689 1888
880 1796
338 1864
270 1849
946 1656
1116 1562
1167 1440
1391 1498
855 1871
196 1886
222 1833
218 1827
399 1880
454 1892
891 1795
680 1902
1167 1490
708 1890
335 1866
881 1800
1118 1565
948 1659
915 1586
272 1854
892 1798
686 1901
608 1900
198 1891
986 1553
268 1857
696 1892
402 1885
1120 1568
858 1877
883 1805
330 1869
611 1904
200 1895
917 1580
689 1906
274 1860
404 1889
894 1805
451 1905
390 1895
953 1637
686 1911
271 1863
1123 1573
275 1863
325 1872
691 1909
202 1899
919 1576
977 1555
406 1893
133 1923
674 1921
688 1915
1184 1439
710 1912
618 1902
322 1874
693 1912
896 1811
277 1867
166 1917
1187 1471
445 1908
204 1903
9 1930
887 1816
274 1870
1128 1580
622 1901
409 1898
867 1889
1423 1520
1433 1519
279 1871
722 1924
922 1568
317 1877
704 1915
692 1921
898 1817
206 1908
104 1937
673 1930
869 1892
608 1923
889 1822
411 1902
277 1876
719 1926
1174 1539
314 1879
627 1910
1131 1585
1270 1460
899 1821
131 1936
1163 1557
696 1919
629 1899
924 1563
208 1912
735 1932
1191 1509
789 1926
413 1906
447 1925
283 1878
995 1602
891 1827
872 1897
24 1944
808 1923
714 1929
309 1882
210 1916
971 1622
1166 1562
280 1883
672 1939
901 1827
1202 1438
203 1921
144 1940
927 1557
671 1940
1136 1592
792 1931
1437 1532
1105 1609
416 1911
893 1832
1288 1506
441 1928
1175 1556
1168 1565
902 1830
212 1920
955 1582
876 1903
287 1885
831 1924
494 1947
303 1886
641 1907
418 1915
438 1930
283 1889
702 1935
795 1936
977 1617
1139 1597
895 1837
214 1925
927 1549
666 1934
1171 1570
215 1926
833 1929
904 1837
420 1919
704 1939
298 1889
742 1949
1424 1544
1469 1536
883 1899
291 1892
627 1938
897 1842
286 1895
432 1933
292 1893
1470 1538
63 1963
1179 1570
209 1934
1174 1575
286 1897
835 1934
423 1924
429 1935
661 1928
284 1898
1219 1437
834 1936
222 1922
899 1847
1176 1578
1223 1457
911 1843
890 1895
427 1932
425 1928
710 1948
35 1970
627 1949
226 1920
1309 1545
213 1941
829 1939
278 1901
634 1947
750 1960
629 1952
712 1952
230 1918
215 1945
917 1848
897 1891
233 1921
824 1942
1309 1552
1204 1563
272 1904
632 1956
1413 1565
1470 1556
902 1888
219 1952
907 1899
923 1853
269 1909
635 1960
1252 1517
241 1919
718 1961
266 1907
817 1946
287 1920
906 1886
733 1976
911 1898
637 1963
221 1956
1317 1559
732 1978
264 1911
245 1917
720 1965
261 1909
1247 1521
929 1858
812 1949
729 1979
85 1993
260 1913
224 1961
1219 1562
249 1915
291 1927
450 1981
1292 1563
916 1917
913 1882
809 1951
738 1983
727 1976
724 1971
255 1912
226 1965
293 1931
1325 1566
1469 1576
918 1879
661 1991
804 1954
741 1988
1226 1569
228 1969
932 1871
224 1971
295 1935
102 2002
1227 1571
743 1991
922 1877
929 1873
799 1957
131 2002
297 1939
231 1974
448 1996
1333 1573
460 1993
413 1983
117 2009
950 1860
794 1960
233 1978
300 1944
1418 1599
1294 1586
410 1985
463 1997
752 1985
954 1861
47 2017
235 1982
302 1948
789 1963
407 1987
294 1952
756 1983
237 1985
193 2002
1468 1597
1269 1581
878 1980
786 1965
304 1952
291 1954
1236 1588
401 1991
1284 1594
745 2013
9 2024
306 1956
1267 1586
963 1855
762 1979
471 2007
677 2019
781 1968
286 1957
882 1986
244 1981
308 1960
766 1977
1265 1591
675 2023
395 1995
749 2019
968 1852
1473 1609
1412 1619
776 1971
303 1966
459 2021
245 1997
886 1992
279 1961
673 2027
311 1965
251 1977
1237 1603
751 2023
1478 1613
1263 1596
390 1998
973 1849
247 2001
479 2017
1467 1617
306 1972
313 1969
671 2032
32 2042
890 1998
754 2028
1345 1607
272 1965
472 2026
978 1846
308 1975
1260 1603
258 1973
250 2006
384 2002
315 1973
669 2036
756 2032
414 2025
458 2035
893 2003
252 2010
317 1977
1238 1617
667 2040
311 1981
984 1842
455 2037
378 2006
487 2027
742 2043
706 2042
319 1981
1229 1623
760 2039
897 2009
452 2039
988 1840
207 2035
256 2017
661 2044
314 1987
989 1838
373 2009
54 2061
322 1986
658 2046
447 2042
1466 1638
370 2011
477 2044
764 2045
901 2015
196 2045
987 1834
158 2055
317 1992
926 2004
1239 1631
324 1990
495 2037
367 2013
260 2024
654 2049
766 2049
985 1830
442 2045
34 2068
946 1996
745 2057
326 1994
905 2021
320 1998
1002 1835
983 1826
46 2073
1230 1640
769 2054
361 2017
648 2053
328 1998
264 2031
440 2055
908 2026
950 2003
981 1822
994 1820
771 2058
330 2002
324 2005
503 2047
644 2056
1009 1831
356 2020
1017 1859
910 2029
1240 1646
996 1818
752 2068
1016 1843
1242 1647
1465 1658
751 2069
268 2038
1413 1668
1020 1859
1013 1829
432 2057
1271 1652
333 2007
954 2010
327 2011
775 2065
435 2064
638 2060
350 2024
914 2035
1002 1815
1411 1673
1017 1827
1024 1863
335 2011
429 2053
744 2068
916 2038
1272 1658
272 2045
634 2063
511 2057
330 2017
1021 1825
958 2017
779 2071
1027 1867
337 2015
1008 1812
344 2028
918 2041
1273 1664
114 2095
1025 1823
342 2025
920 2044
781 2075
339 2019
333 2022
628 2067
276 2052
1404 1682
5 2097
495 2076
1014 1809
962 2024
922 2047
1038 1864
1029 1821
1274 1670
337 2034
1464 1679
784 2080
1040 1866
498 2080
924 2050
519 2067
1401 1687
1033 1819
280 2059
414 2072
621 2072
786 2084
761 2094
1021 1805
966 2031
332 2037
501 2084
1043 1871
927 2055
1037 1817
1231 1678
329 2039
771 2096
968 2035
929 2058
504 2088
615 2076
284 2066
1395 1695
1041 1815
1027 1802
1046 1876
790 2091
285 2067
409 2081
970 2038
405 2076
527 2077
931 2061
205 2099
506 2091
217 2096
324 2042
611 2079
1045 1813
1392 1699
961 2048
403 2073
775 2103
933 2064
91 2121
972 2042
1049 1881
1033 1799
1232 1689
1411 1708
509 2095
608 2081
1463 1699
1030 1791
1049 1811
401 2070
413 2088
14 2123
935 2067
292 2062
1253 1689
318 2046
1389 1704
622 2100
796 2100
975 2047
1052 1886
512 2099
937 2070
1053 1809
1039 1796
415 2092
296 2060
398 2065
517 2099
535 2087
1054 1807
313 2049
514 2102
977 2051
601 2086
939 2073
799 2105
252 2100
781 2114
1055 1891
417 2096
310 2051
1052 1803
1040 1785
1045 1793
1429 1720
137 2131
388 2084
395 2060
517 2106
1046 1794
1382 1713
787 2116
942 2078
1431 1721
303 2055
419 2100
307 2053
802 2110
595 2090
1062 1893
393 2097
1058 1896
403 2103
981 2058
1048 1796
384 2086
1233 1708
785 2121
520 2110
421 2104
592 2092
1379 1718
543 2097
47 2144
242 2115
1075 1820
1462 1720
380 2088
946 2084
522 2113
115 2143
1061 1901
231 2120
806 2116
387 2100
1254 1711
1460 1721
788 2126
588 2095
985 2065
1376 1722
1410 1734
262 2113
376 2090
1420 1735
525 2117
99 2150
1064 1906
1081 1817
987 2068
809 2121
382 2103
950 2090
372 2092
582 2099
528 2121
792 2133
551 2107
1067 1911
812 2126
1076 1906
368 2094
983 2079
376 2106
1233 1726
954 2096
994 2064
1366 1728
578 2102
1079 1791
1090 1813
1231 1727
795 2139
955 2099
1070 1916
364 2096
1078 1788
533 2128
134 2160
371 2109
953 2100
816 2132
1381 1744
1095 1811
572 2106
360 2098
109 2166
558 2116
798 2144
536 2132
1255 1733
1073 1921
1440 1751
1075 1783
67 2170
1256 1734
819 2137
99 2170
365 2112
947 2103
356 2100
568 2109
1100 1808
1352 1724
801 2149
1076 1926
963 2110
352 2102
822 2142
541 2139
1378 1756
366 2124
165 2169
1105 1805
1409 1763
941 2106
1214 1729
1345 1725
129 2176
1450 1759
1266 1733
1079 1931
939 2107
254 2150
805 2156
966 2115
544 2143
947 2117
1210 1730
826 2148
937 2104
360 2127
1111 1802
1105 1785
1082 1936
546 2147
949 2121
969 2120
808 2162
1114 1800
829 2153
1276 1732
574 2143
934 2098
354 2130
951 2125
542 2150
1085 1941
1009 2103
811 2167
351 2132
1120 1797
1410 1780
832 2158
973 2127
953 2129
1010 2106
1421 1781
538 2153
1088 1946
1123 1795
930 2091
1011 2109
1096 1942
115 2197
814 2172
955 2133
1286 1731
325 2141
924 2122
1405 1784
1323 1727
976 2132
534 2156
572 2155
836 2164
1091 1951
176 2194
355 2150
957 2137
1013 2115
1129 1792
572 2158
927 2085
952 2140
1187 1729
1401 1787
817 2178
530 2159
122 2205
1014 2118
839 2169
1132 1790
816 2180
1210 1770
1094 1956
955 2143
564 2163
980 2139
1296 1730
1321 1752
526 2162
61 2212
924 2079
1016 2122
1212 1774
1475 1789
812 2183
842 2174
361 2159
1138 1787
1097 1961
983 2144
1309 1728
994 2139
1179 1743
522 2165
1214 1778
921 2074
960 2150
1141 1785
845 2178
581 2169
1023 2124
807 2187
1100 1966
15 2220
518 2168
962 2153
577 2174
1216 1782
1181 1763
583 2172
987 2151
918 2068
803 2190
848 2183
1028 2126
1147 1782
964 2157
514 2171
1399 1810
1103 1971
1428 1812
1177 1765
1218 1787
1450 1810
372 2167
1150 1780
990 2156
1397 1814
798 2194
510 2174
1220 1791
1106 1976
360 2178
914 2061
589 2180
1036 2129
853 2190
1125 1964
582 2185
969 2164
1170 1769
1156 1777
1395 1818
506 2177
1222 1795
994 2163
793 2198
1109 1981
1159 1775
383 2166
911 2055
856 2195
832 2208
1042 2127
1393 1822
586 2190
972 2169
1224 1799
195 2228
1165 1772
384 2164
789 2201
997 2168
1045 2126
595 2188
1112 1986
499 2182
1449 1827
1226 1803
908 2049
792 2209
975 2174
836 2214
1131 1976
591 2196
861 2202
784 2205
1051 2124
495 2185
1230 1801
1115 1991
1001 2175
1133 1980
839 2218
905 2044
377 2155
601 2196
369 2197
1116 1994
864 2207
595 2201
780 2208
1234 1799
1220 1815
491 2188
126 2253
1113 1996
1004 2180
1138 1984
1118 1999
902 2038
1454 1841
487 2191
844 2225
599 2206
775 2212
802 2221
1448 1844
981 2189
601 2207
869 2214
598 2208
1142 1987
607 2204
1107 1999
1008 2187
483 2194
804 2224
1223 1825
770 2216
594 2211
1146 1990
872 2219
849 2232
1435 1853
982 2196
402 2195
479 2197
75 2271
1011 2192
961 2205
766 2219
1150 1993
613 2212
1111 2014
1437 1858
589 2215
475 2200
1228 1834
853 2238
1109 2015
1013 2197
957 2208
811 2233
802 2238
1396 1861
1438 1861
1154 1996
852 2240
761 2223
585 2218
1447 1861
1010 2199
471 2203
609 2223
1439 1864
880 2230
619 2220
757 2226
1102 2017
1007 2201
1421 1869
1159 2000
796 2243
950 2213
467 2206
612 2227
846 2244
580 2222
1441 1870
811 2245
995 2209
883 2235
379 2230
981 2218
843 2246
1163 2003
819 2243
752 2230
615 2231
291 2253
1001 2205
791 2247
814 2249
575 2226
944 2217
164 2286
1443 1876
625 2228
839 2249
1167 2006
218 2278
618 2235
205 2281
976 2222
56 2296
157 2290
747 2234
1444 1879
888 2242
101 2296
817 2253
571 2229
940 2220
824 2249
786 2251
430 2205
1171 2009
621 2239
972 2225
833 2253
743 2237
820 2257
891 2247
827 2253
1414 1888
631 2236
566 2233
781 2255
1175 2012
934 2224
624 2243
968 2228
437 2200
823 2261
738 2241
562 2236
33 2309
930 2227
627 2247
964 2231
776 2259
825 2264
1180 2016
896 2254
128 2309
824 2266
637 2244
733 2245
557 2240
630 2251
960 2234
1143 2050
899 2259
771 2263
933 2241
330 2267
923 2232
1187 2018
729 2248
819 2270
633 2255
956 2237
1403 1906
552 2244
920 2234
902 2263
766 2267
643 2252
731 2257
1192 2020
636 2259
952 2240
724 2252
814 2274
180 2317
548 2247
916 2237
635 2261
939 2250
909 2262
1074 2223
726 2261
1198 2022
948 2243
720 2255
760 2272
917 2246
809 2278
1425 1917
631 2264
543 2251
649 2260
1203 2024
853 2298
721 2265
917 2261
715 2259
755 2276
539 2254
626 2268
803 2283
447 2250
1210 2026
197 2331
214 2328
655 2268
710 2263
622 2271
750 2280
715 2270
534 2258
1136 2084
798 2287
1158 2077
650 2276
1061 2252
1215 2028
706 2266
445 2263
617 2275
745 2284
710 2274
529 2262
1135 2090
793 2291
1220 2030
661 2276
456 2260
701 2270
613 2278
525 2265
528 2269
706 2278
740 2288
526 2271
1134 2097
788 2295
1421 1944
697 2273
1227 2032
1004 2286
1407 1946
450 2275
608 2282
520 2269
735 2292
668 2285
1405 1950
1133 2104
1232 2034
692 2277
782 2300
1200 2074
531 2278
603 2286
1095 2256
790 2311
730 2296
671 2289
1403 1954
715 2289
1019 2291
533 2282
975 2301
687 2281
1132 2111
599 2289
777 2304
961 2300
673 2292
936 2302
1401 1958
981 2304
718 2293
729 2304
605 2300
724 2301
683 2284
1108 2259
727 2306
1399 1962
594 2293
772 2308
538 2289
1157 2116
1068 2289
451 2301
1397 1967
590 2296
540 2293
767 2312
1421 1971
480 2285
1395 1971
734 2315
632 2324
585 2300
1033 2311
545 2300
1393 1975
937 2326
761 2317
581 2303
1262 2036
547 2304
1391 1979
542 2307
1264 2040
487 2293
1028 2319
740 2323
987 2329
756 2321
576 2307
1389 1983
438 2330
545 2311
1271 2037
547 2314
751 2325
1387 1988
745 2330
553 2313
571 2311
546 2316
1384 1990
542 2319
497 2304
1176 2143
1282 2038
1379 1993
1283 2043
538 2322
1154 2157
1374 1996
1145 2289
533 2326
1157 2163
1294 2037
1247 2115
1376 2006
1369 1999
529 2329
1245 2120
1154 2291
1364 2002
1179 2166
1159 2294
1299 2063
1193 2164
1359 2005
1162 2293
1307 2036
1301 2065
1237 2140
1166 2294
1354 2008
1304 2071
1313 2032
1170 2295
1241 2147
1220 2161
1349 2011
1317 2030
1174 2296
1178 2297
1245 2154
1402 2043
1224 2168
1322 2027
1342 2015
1401 2047
1183 2299
1248 2159
1328 2023
1337 2018
1228 2175
1400 2052
1250 2163
1192 2301
1399 2057
1231 2181
1253 2168
1460 2058
1398 2061
1255 2172
1234 2186
1200 2303
1397 2066
1202 2304
1258 2177
1237 2191
1203 2302
1396 2071
1260 2181
1200 2297
1395 2075
1241 2198
1258 2188
1263 2186
1394 2080
1215 2300
1197 2292
1265 2190
1244 2204
1194 2287
1268 2195
1247 2209
1270 2199
1190 2281
1250 2214
1402 2098
1188 2277
1273 2204
1254 2221
1275 2208
1400 2105
1399 2108
1257 2227
1398 2112
1246 2316
1260 2232
1397 2116
1282 2220
1435 2120
1263 2237
1395 2123
1394 2127
1287 2229
1267 2244
1291 2227
1392 2134
1270 2250
1295 2225
1269 2252
1299 2223
1390 2141
1404 2143
1277 2320
1395 2144
1303 2221
1389 2145
1307 2219
1387 2152
1311 2217
1386 2156
1315 2215
1383 2158
1381 2159
1319 2213
1323 2211
1376 2162
1305 2316
1327 2209
1373 2164
1326 2206
1379 2173
1312 2313
1368 2167
1324 2202
1363 2170
1322 2198
1376 2187
1356 2174
1346 2202
1340 2268
1347 2262
1379 2195
1351 2177
1396 2201
1460 2212
1467 2225
1386 2230
1374 2323
1379 2323
1383 2324
1463 2259
1444 2265
1471 2272
1437 2293
