315 24
318 59
289 51
318 63
316 64
272 52
269 58
304 85
302 89
327 93
329 94
249 55
300 93
247 58
296 100
245 64
294 104
342 102
292 105
307 113
306 116
229 64
305 119
227 67
306 121
282 115
312 123
225 74
277 118
317 125
223 79
223 81
272 121
287 132
215 85
267 124
285 139
262 127
213 92
283 144
283 146
259 129
275 144
285 147
211 97
436 84
211 100
437 85
290 149
252 131
274 154
295 151
247 133
252 141
436 92
215 107
300 153
217 111
249 147
273 164
240 135
435 99
271 165
306 155
235 137
246 153
221 118
434 106
232 138
311 157
432 107
223 122
244 158
230 135
316 159
247 160
257 166
226 127
217 134
321 161
420 109
265 186
326 163
416 110
331 165
217 160
408 111
264 200
405 112
337 167
212 163
263 204
209 165
342 169
334 185
346 171
263 210
395 114
333 189
347 169
265 211
332 193
139 123
349 164
331 197
271 214
386 116
135 125
208 191
330 201
217 199
208 193
131 127
206 192
381 115
209 195
352 156
329 205
197 188
256 227
350 155
375 114
211 204
328 209
125 131
254 232
327 213
121 133
369 113
189 195
252 237
205 209
326 217
183 190
376 149
115 137
325 221
250 242
185 199
193 208
191 206
178 193
251 244
199 214
111 139
324 225
175 195
256 247
327 231
105 143
170 198
259 249
102 146
262 251
325 238
165 201
241 259
324 242
162 203
99 152
252 265
323 246
240 266
157 206
255 267
321 247
96 158
154 208
258 269
239 274
93 164
149 211
264 273
238 282
90 170
270 277
273 279
87 176
312 268
237 290
311 271
277 281
84 182
310 274
236 298
282 283
309 277
308 280
81 188
307 283
232 305
237 307
291 286
306 286
78 194
262 310
229 310
305 290
159 272
296 288
304 291
75 199
227 314
271 316
156 278
133 259
72 204
225 318
296 305
129 257
238 326
153 284
240 327
68 210
221 325
300 310
124 255
150 290
66 215
281 328
218 330
304 315
148 295
284 332
216 334
307 320
64 223
214 338
288 337
212 339
149 306
62 231
60 239
150 317
302 349
58 247
212 362
300 353
209 364
151 327
298 357
57 253
59 254
204 367
296 361
152 338
199 370
294 366
50 265
292 370
195 378
290 374
288 378
188 383
286 383
223 402
184 386
160 359
284 387
226 404
282 391
231 407
280 396
176 377
236 410
278 400
276 404
243 414
151 384
274 408
149 385
273 411
248 417
271 415
49 316
255 421
269 419
267 423
260 424
131 387
266 426
126 388
49 332
108 390
103 391
50 368
51 372
85 393
52 376
80 394
53 380
54 384
55 388
56 392
62 396
57 396
