9 9 9 9 9 9 9 9 9 8 8 8 8 8 8 8 8 8 8 8 8 8 8 8 8 5 5 5 5 5 5 5 0 0 0 0 0 0 0 0 
9 9 9 9 9 9 9 9 9 9 9 8 8 8 8 8 8 8 8 8 8 8 8 8 8 5 5 5 5 5 5 5 0 0 0 0 0 0 0 0 
9 9 9 9 9 9 9 9 9 9 9 9 9 8 8 8 8 8 8 8 8 8 8 8 8 3 5 5 5 5 5 5 0 0 0 0 0 0 0 0 
9 9 9 9 9 9 9 9 9 9 9 9 9 9 9 8 8 8 8 8 8 8 8 8 8 3 5 5 5 5 5 5 0 0 0 0 0 0 0 0 
9 9 9 9 9 9 9 9 9 9 9 9 9 9 9 9 9 8 8 8 8 8 8 8 8 8 3 5 5 5 5 5 0 0 0 0 0 0 0 0 
9 9 9 9 9 9 9 9 9 9 9 9 9 9 9 9 9 9 9 8 8 8 8 8 8 8 3 3 5 5 5 5 0 0 0 0 0 0 0 0 
9 9 9 9 9 9 9 9 9 9 9 9 9 9 9 9 9 9 9 9 9 8 8 8 8 8 3 3 5 5 5 5 0 0 0 0 0 0 0 0 
9 9 9 9 9 9 9 9 9 9 9 9 9 9 9 9 9 9 9 9 9 9 9 8 8 8 8 3 3 5 5 5 0 0 0 0 0 0 0 0 
9 9 9 9 9 9 9 9 9 9 9 9 9 9 9 9 9 9 9 9 9 9 9 9 9 8 8 3 3 3 5 5 0 0 0 0 0 0 0 0 
10 10 10 10 10 10 10 10 10 9 9 9 9 9 9 9 9 9 9 9 9 9 9 9 8 8 3 3 3 3 3 0 0 0 0 0 0 0 0 0 
10 10 10 10 10 10 10 10 10 10 1 1 1 1 1 1 1 1 1 1 1 1 1 1 1 3 3 3 3 3 3 0 0 0 0 0 0 0 0 0 
10 10 10 10 10 10 10 10 11 10 1 1 1 1 1 1 1 1 1 1 1 1 1 1 1 1 3 3 3 3 3 0 0 0 0 0 0 0 0 0 
10 10 10 10 10 10 10 11 11 11 1 1 1 1 1 1 1 1 1 1 1 1 1 1 1 1 3 3 3 3 3 0 0 0 0 0 0 0 0 0 
10 10 10 10 10 10 10 11 11 11 0 1 1 1 1 1 1 1 1 1 1 1 1 1 1 1 1 3 3 3 3 0 0 0 0 0 0 0 0 0 
10 10 10 10 10 10 11 11 11 11 0 0 1 1 1 1 1 1 1 1 1 1 1 1 1 1 1 3 3 3 3 0 0 0 0 0 0 0 0 0 
10 10 10 10 10 10 11 11 11 11 0 0 0 0 0 1 1 1 1 1 1 1 1 1 1 1 1 1 3 3 3 0 0 0 0 0 0 0 0 0 
10 10 10 10 10 11 11 11 11 11 0 0 0 0 0 0 0 0 1 1 1 1 1 1 1 1 1 1 3 3 3 0 0 0 0 0 0 0 0 0 
10 10 10 10 10 11 11 11 11 11 0 0 0 0 0 0 0 0 0 0 0 0 1 1 1 1 1 1 1 3 1 0 0 0 0 0 0 0 0 0 
10 10 10 10 11 11 11 11 11 11 0 0 0 0 0 0 0 0 0 0 0 0 0 0 0 1 1 1 1 1 1 0 0 0 0 0 0 0 0 0 
10 10 10 10 11 11 11 11 11 11 0 0 0 0 0 0 0 0 0 0 0 0 0 0 0 0 0 0 0 1 0 0 0 0 0 0 0 0 0 0 
10 10 10 11 11 11 11 11 11 11 0 0 0 0 0 0 0 0 0 0 0 0 0 0 0 0 0 0 0 0 0 0 0 0 0 0 0 0 0 0 
10 10 10 11 11 11 11 11 11 11 0 0 0 0 0 0 0 0 0 0 0 0 0 0 0 0 0 0 0 2 0 0 0 0 0 0 0 0 0 0 
12 12 12 12 13 13 13 13 13 13 0 0 0 0 0 0 0 0 0 0 0 0 0 0 0 2 2 2 2 2 2 0 0 0 0 0 0 0 0 0 
12 12 12 12 12 13 13 13 13 13 0 0 0 0 0 0 0 0 0 0 0 0 2 2 2 2 2 2 2 4 2 0 0 0 0 0 0 0 0 0 
12 12 12 12 12 13 13 13 13 13 0 0 0 0 0 0 0 0 2 2 2 2 2 2 2 2 2 2 4 4 4 0 0 0 0 0 0 0 0 0 
12 12 12 12 12 12 13 13 13 13 0 0 0 0 0 2 2 2 2 2 2 2 2 2 2 2 2 2 4 4 4 0 0 0 0 0 0 0 0 0 
12 12 12 12 12 12 13 13 13 13 0 0 2 2 2 2 2 2 2 2 2 2 2 2 2 2 2 4 4 4 4 0 0 0 0 0 0 0 0 0 
12 12 12 12 12 12 12 13 13 13 0 2 2 2 2 2 2 2 2 2 2 2 2 2 2 2 2 4 4 4 4 0 0 0 0 0 0 0 0 0 
12 12 12 12 12 12 12 13 13 13 2 2 2 2 2 2 2 2 2 2 2 2 2 2 2 2 4 4 4 4 4 0 0 0 0 0 0 0 0 0 
12 12 12 12 12 12 12 12 13 12 2 2 2 2 2 2 2 2 2 2 2 2 2 2 2 2 4 4 4 4 4 0 0 0 0 0 0 0 0 0 
12 12 12 12 12 12 12 12 12 12 2 2 2 2 2 2 2 2 2 2 2 2 2 2 2 4 4 4 4 4 4 0 0 0 0 0 0 0 0 0 
12 12 12 12 12 12 12 12 12 7 7 7 7 7 7 7 7 7 7 7 7 7 7 7 7 7 7 7 7 6 6 0 0 0 0 0 0 0 0 0 
7 7 7 7 7 7 7 7 7 7 7 7 7 7 7 7 7 7 7 7 7 7 7 7 7 7 7 7 7 7 6 6 0 0 0 0 0 0 0 0 
7 7 7 7 7 7 7 7 7 7 7 7 7 7 7 7 7 7 7 7 7 7 7 7 7 7 7 7 6 6 6 6 0 0 0 0 0 0 0 0 
7 7 7 7 7 7 7 7 7 7 7 7 7 7 7 7 7 7 7 7 7 7 7 7 7 7 6 6 6 6 6 6 0 0 0 0 0 0 0 0 
7 7 7 7 7 7 7 7 7 7 7 7 7 7 7 7 7 7 7 7 7 7 7 7 6 6 6 6 6 6 6 6 0 0 0 0 0 0 0 0 
7 7 7 7 7 7 7 7 7 7 7 7 7 7 7 7 7 7 7 7 7 7 6 6 6 6 6 6 6 6 6 6 0 0 0 0 0 0 0 0 
7 7 7 7 7 7 7 7 7 7 7 7 7 7 7 7 7 7 7 7 6 6 6 6 6 6 6 6 6 6 6 6 0 0 0 0 0 0 0 0 
7 7 7 7 7 7 7 7 7 7 7 7 7 7 7 7 7 7 6 6 6 6 6 6 6 6 6 6 6 6 6 6 0 0 0 0 0 0 0 0 
7 7 7 7 7 7 7 7 7 7 7 7 7 7 7 7 6 6 6 6 6 6 6 6 6 6 6 6 6 6 6 6 0 0 0 0 0 0 0 0 
