426 111
434 106
436 89
437 85
435 84
386 116
381 115
419 83
375 114
414 82
369 113
407 81
376 149
372 147
367 145
363 143
358 141
385 79
354 139
378 78
346 171
341 169
336 167
356 76
331 165
349 75
326 163
323 162
318 160
315 159
330 73
310 157
328 75
305 155
300 153
297 152
315 50
292 150
288 177
327 93
286 179
329 94
287 148
283 146
283 144
322 247
284 141
310 104
342 102
274 143
286 135
308 109
266 184
291 49
287 132
265 186
289 51
266 141
289 129
293 105
306 116
257 166
293 129
305 120
258 139
307 121
299 131
251 162
255 138
264 200
273 51
312 123
247 160
252 141
304 133
263 204
271 54
244 158
317 125
245 155
263 210
249 147
265 211
268 60
271 214
304 291
232 138
299 289
230 135
249 55
256 227
296 288
247 58
293 287
227 129
254 232
216 200
245 64
288 285
224 124
252 237
288 302
210 191
208 193
282 283
250 242
206 192
306 321
209 195
221 118
203 183
251 244
279 282
282 307
229 64
279 309
275 280
199 186
227 67
256 247
217 111
259 249
297 329
270 277
199 214
262 251
225 74
214 105
271 316
241 259
191 206
223 79
263 272
211 100
188 196
223 81
252 265
288 337
211 97
240 266
255 267
178 193
301 351
215 85
213 91
283 331
175 195
299 355
239 274
194 97
297 359
170 198
189 99
167 200
295 363
238 306
185 101
237 307
162 203
293 368
181 103
291 372
177 105
157 206
289 376
172 107
287 381
168 109
238 326
240 327
285 385
164 111
283 389
160 113
281 393
156 115
159 272
279 398
151 117
213 339
156 278
277 402
147 119
275 406
143 121
153 284
133 259
139 123
273 411
129 257
150 290
135 125
271 415
124 255
148 295
131 127
269 419
212 362
267 423
209 364
125 131
265 427
204 367
149 306
121 133
259 423
199 370
115 137
255 421
150 317
111 139
195 378
248 417
105 143
151 327
188 383
102 146
242 413
223 402
184 386
238 411
226 404
99 152
152 338
233 408
96 158
176 377
93 164
90 170
168 368
58 254
160 359
57 252
57 250
87 176
52 263
58 246
50 265
84 182
59 242
60 238
81 188
61 234
62 230
78 194
63 226
75 199
64 222
72 204
65 218
66 214
49 316
49 332
75 394
68 395
61 396
58 397
57 395
55 387
50 368
51 372
53 379
