771 22
776 31
762 9
779 36
760 5
782 41
785 46
788 51
787 53
778 57
774 56
770 55
765 54
761 53
757 52
752 51
748 50
744 49
739 48
738 46
738 43
739 38
740 34
741 29
742 24
743 20
744 15
834 125
745 10
838 130
746 6
842 135
750 2
846 140
850 145
854 150
858 155
862 160
866 165
865 167
732 185
860 170
857 172
736 192
852 175
738 196
847 178
740 200
844 180
743 205
839 183
745 209
836 185
747 213
831 188
749 217
751 221
752 222
825 192
820 195
759 220
762 219
815 198
766 218
812 200
807 203
656 213
773 216
801 207
650 217
780 214
798 209
783 213
646 220
787 212
639 225
560 61
556 63
633 229
550 67
629 232
545 70
622 237
540 73
615 242
535 76
612 244
529 80
605 249
524 83
519 86
598 254
1031 198
595 256
514 89
591 259
508 93
504 95
585 263
581 266
1006 262
495 101
574 271
490 104
568 275
485 107
564 278
480 110
557 283
474 114
470 116
550 288
801 368
547 290
461 122
806 375
954 358
540 295
456 125
808 379
435 20
451 128
533 300
813 386
530 302
944 367
446 131
815 390
526 305
440 135
524 302
522 299
820 397
436 137
935 375
822 401
518 293
977 384
427 143
979 387
515 288
827 408
925 384
942 396
981 390
423 146
513 285
980 392
829 412
918 388
595 399
975 395
989 395
509 279
428 153
1003 390
834 419
972 397
992 400
1005 393
599 405
911 392
431 158
969 399
836 423
505 273
1159 234
601 409
1008 398
502 268
435 164
549 388
963 403
904 396
997 407
500 265
1011 403
605 415
842 432
438 169
544 391
1000 412
899 399
498 262
957 407
607 419
816 448
1015 409
954 409
848 428
539 394
495 257
812 451
1004 418
892 403
443 176
579 424
611 425
852 426
1018 414
577 425
534 397
948 413
445 180
1007 423
491 251
613 429
1020 417
806 455
1139 311
857 423
945 415
885 407
489 248
529 400
571 428
1141 313
861 421
1023 422
617 435
450 187
1143 316
800 459
1012 430
880 410
898 430
939 419
524 403
565 431
878 411
485 242
797 461
619 439
1026 427
867 417
453 192
1015 435
542 424
519 406
1028 430
543 426
873 414
933 423
482 237
1148 323
559 434
1029 433
456 197
623 446
480 234
930 425
1150 326
790 466
1108 374
1019 441
514 409
380 192
546 431
906 441
478 231
553 437
375 192
551 438
509 412
627 452
871 464
924 429
784 470
461 204
1114 370
1155 333
1264 69
913 436
474 225
781 472
629 456
911 450
1118 368
504 415
1248 171
897 455
464 209
1159 339
471 220
1241 203
775 476
1123 365
499 418
633 462
1161 342
915 456
467 214
967 472
1244 206
1160 344
902 462
1127 363
635 466
533 452
332 156
494 421
918 461
475 413
768 481
905 467
1247 212
529 455
920 464
1153 348
489 424
639 472
1134 359
326 159
312 123
525 458
908 472
762 485
1250 218
641 476
484 427
481 422
308 125
759 487
320 162
1146 352
1140 355
426 378
500 451
1253 224
518 463
645 482
423 380
404 266
420 378
314 165
914 481
753 491
1182 358
515 465
420 382
647 486
312 162
299 131
1256 230
778 520
917 486
511 468
506 460
310 159
413 382
415 385
1186 364
393 272
295 134
746 496
469 440
651 493
1259 236
1188 367
307 154
921 492
408 385
324 213
465 443
946 507
299 140
740 500
408 390
881 522
1262 242
1191 372
655 499
320 215
304 149
924 497
461 446
943 509
403 388
737 502
1143 428
301 144
657 503
403 393
940 511
1265 247
882 529
457 449
1195 378
398 391
928 503
313 220
731 506
1197 381
935 514
661 509
513 498
453 452
881 534
1268 253
396 398
393 394
931 508
308 223
663 513
1200 386
449 455
880 539
508 502
724 511
1271 259
391 401
445 458
386 398
879 544
504 505
667 519
1204 392
301 228
718 515
1274 265
651 531
441 461
878 549
381 401
669 523
384 406
270 178
280 202
715 517
499 509
1207 397
296 231
437 464
632 543
877 554
649 538
1277 271
1209 400
376 404
379 409
265 181
495 512
275 205
673 529
898 554
709 521
433 467
1211 403
290 235
876 559
878 561
652 544
1280 277
371 407
675 533
491 515
637 550
429 470
269 209
272 215
1064 534
902 559
372 414
875 564
1214 408
285 238
258 186
877 565
702 526
366 410
426 472
655 550
904 562
1283 283
486 519
640 555
679 540
874 569
264 212
367 417
253 189
656 553
680 541
1177 461
1218 414
422 475
361 413
482 522
278 243
261 214
1035 557
696 530
653 555
907 568
873 574
1220 417
644 561
258 216
418 478
693 532
1282 293
650 557
360 422
273 246
246 194
477 526
872 579
354 417
910 574
1223 422
414 481
253 219
580 577
473 529
873 584
355 425
1225 425
241 197
990 577
255 229
250 221
912 579
349 420
410 484
266 251
1281 303
1194 460
469 532
247 223
350 428
993 582
604 584
721 581
1229 431
262 253
406 487
585 584
344 423
234 202
601 586
1230 434
464 536
914 588
242 226
1201 456
402 490
1280 313
588 589
339 426
343 433
229 205
726 588
460 539
595 589
255 258
590 592
398 493
236 230
334 429
1208 452
338 436
728 592
456 542
1224 443
250 261
1279 322
394 496
222 210
1319 308
231 233
329 432
922 601
451 546
390 499
228 235
1218 446
331 441
733 599
327 429
217 213
924 604
243 266
225 237
447 549
1278 332
325 426
386 502
926 607
735 603
638 608
1287 334
326 444
223 234
212 217
451 559
238 269
582 615
635 610
1411 127
221 231
322 421
929 612
235 272
316 440
579 617
632 612
1017 616
1277 342
931 615
319 449
1246 463
218 226
319 416
741 612
576 619
1331 326
1148 560
311 443
627 615
1169 546
450 570
235 279
165 38
314 452
308 445
316 411
744 617
571 622
624 617
455 577
303 448
313 406
566 625
619 620
368 519
748 623
307 457
206 258
210 265
576 635
241 288
311 403
618 625
458 582
298 451
561 628
614 623
206 267
235 294
243 292
751 628
302 460
615 627
1389 289
653 636
200 261
295 453
308 398
202 269
461 587
556 631
609 626
582 643
197 263
306 395
578 646
610 630
649 639
290 456
198 271
606 628
295 465
575 648
551 634
249 301
287 458
303 390
191 266
586 649
194 273
572 650
601 631
290 468
467 596
251 305
603 635
642 644
584 654
591 637
362 545
546 637
190 275
282 461
300 385
186 269
589 654
350 536
1462 74
566 654
541 640
255 311
185 278
283 473
297 380
472 603
635 649
588 661
592 659
466 607
282 474
276 465
1399 318
179 273
561 657
1146 614
295 377
632 651
468 610
536 643
258 316
274 462
180 281
558 659
259 318
591 667
596 665
470 613
272 459
477 610
173 276
292 372
1150 620
472 616
288 483
625 656
170 278
529 647
174 285
594 672
599 670
552 663
115 110
263 324
474 619
289 367
268 453
552 667
526 649
1153 625
290 487
601 673
170 287
482 617
261 473
111 112
265 328
476 622
255 333
343 564
597 678
547 666
1155 628
168 289
163 282
618 661
286 362
331 554
344 566
265 448
258 475
547 670
521 652
544 668
294 493
106 115
161 279
479 627
615 663
284 359
329 551
263 445
600 683
259 339
487 624
982 690
1159 634
172 295
343 572
347 571
253 478
516 655
159 276
296 497
1022 689
327 548
261 442
261 342
271 337
1386 373
101 118
482 632
538 672
281 354
540 675
490 628
174 299
981 695
603 689
263 345
1162 639
269 359
248 481
511 658
156 271
273 341
324 543
351 577
258 437
96 121
264 348
485 637
278 349
535 678
517 671
1164 642
493 633
267 356
154 268
980 701
508 654
178 305
302 506
607 695
243 484
1461 281
487 640
265 354
321 538
354 582
250 497
260 351
519 675
1462 284
91 124
254 431
531 682
1030 700
609 698
976 704
151 263
180 309
304 510
1168 648
246 499
509 675
521 679
490 645
1032 703
318 533
237 488
503 647
972 706
86 127
358 588
251 426
254 355
500 642
506 677
148 258
183 314
527 688
497 665
1171 653
613 704
308 516
249 423
528 690
315 528
503 679
240 503
232 491
146 255
494 667
250 358
1173 656
81 130
361 593
615 707
1223 622
247 420
520 689
186 319
310 520
964 706
1332 521
313 525
530 694
229 493
236 505
498 682
143 250
489 670
76 133
364 598
227 490
244 362
1177 662
532 698
244 415
619 713
189 324
514 692
141 247
231 508
225 487
72 136
484 673
534 702
511 694
191 328
240 365
1221 639
1180 667
353 610
491 687
219 499
138 242
240 409
488 686
226 511
129 318
222 482
536 706
1223 642
355 613
1182 670
370 607
479 676
1050 720
505 697
533 710
195 334
486 690
234 369
220 479
1264 614
1184 673
214 502
135 237
237 404
221 514
124 321
282 574
78 145
358 618
1226 647
123 322
373 612
474 679
197 338
133 234
235 401
540 713
230 372
500 700
279 576
233 377
217 474
229 372
536 716
1267 619
360 621
1187 678
217 517
209 505
1228 651
81 150
233 398
479 695
228 369
216 519
286 594
542 717
469 682
130 229
377 618
274 579
214 469
236 396
226 366
201 345
115 327
204 508
364 627
466 684
493 704
544 721
1191 684
129 331
84 155
540 723
1271 626
474 698
1232 657
215 525
380 623
493 710
192 354
269 582
240 386
241 394
1193 687
211 464
126 223
214 528
546 725
110 330
461 687
1234 661
222 360
205 351
198 512
132 336
194 357
368 633
543 729
209 461
88 161
486 708
383 628
1275 633
216 393
458 689
264 585
1068 737
467 703
1196 692
369 636
123 218
196 360
487 714
207 355
213 534
212 363
193 515
135 341
90 165
1238 667
550 732
1198 695
206 456
212 537
546 735
480 711
453 692
365 639
259 588
462 706
190 517
120 213
199 365
482 717
101 337
1279 640
1240 671
552 736
138 346
477 713
256 590
203 451
188 514
118 210
389 637
211 543
478 719
549 741
1202 701
448 695
554 740
135 352
96 340
359 643
212 545
548 743
201 448
186 511
96 174
18 103
455 711
251 588
1244 677
260 608
377 649
1283 647
471 716
142 352
115 205
392 642
137 355
473 722
1205 706
443 698
214 549
248 587
258 610
452 713
557 745
379 652
1246 681
198 443
183 506
99 179
353 647
144 356
1409 463
180 528
1207 709
245 586
466 719
178 526
112 200
381 655
559 749
468 725
438 701
539 746
258 615
396 648
217 554
1287 654
350 649
447 716
87 347
141 362
1209 712
195 438
180 501
102 184
110 197
86 348
176 531
383 658
1250 687
435 703
445 718
561 753
173 529
464 727
239 584
187 441
219 558
534 748
193 435
399 653
459 723
385 661
144 367
1035 785
1212 717
432 705
344 653
1252 691
177 496
150 365
107 192
1291 661
563 757
185 437
168 532
387 664
170 536
233 582
529 750
430 702
458 731
211 567
190 430
402 658
553 765
223 565
147 372
565 761
92 357
389 667
174 491
153 370
167 538
231 579
236 612
1216 723
428 699
182 432
1256 697
554 768
163 535
454 733
337 658
1295 668
247 629
523 752
391 670
72 354
172 488
94 361
1360 510
1218 726
229 575
452 735
186 424
1258 701
156 375
555 772
425 694
179 427
393 673
151 379
230 615
158 538
68 356
518 754
408 667
1362 515
249 635
169 483
331 662
1221 731
423 691
1304 671
395 676
1299 675
183 419
159 380
566 775
176 422
64 358
250 638
154 384
1262 707
225 618
157 546
167 480
328 664
1223 734
153 541
513 756
557 780
516 763
411 672
100 370
1364 520
180 414
1058 804
60 360
174 418
419 685
150 543
1264 711
227 629
399 682
460 746
153 550
1265 712
1303 682
164 475
163 386
252 644
102 374
511 765
219 621
1366 525
507 758
322 668
1227 740
148 540
158 391
56 362
415 678
559 788
177 409
216 623
165 390
170 412
463 751
1305 687
146 537
161 470
506 767
220 633
1368 530
502 760
52 364
567 790
1324 676
1230 745
161 396
277 652
316 672
1302 689
248 654
159 467
174 404
168 408
502 769
1274 706
139 549
210 626
108 383
48 366
1232 748
143 532
561 796
1370 535
497 762
215 636
279 655
313 674
1299 691
172 401
161 561
164 401
468 758
400 729
141 529
1278 704
156 462
110 387
44 368
281 658
498 773
314 682
211 638
205 629
1372 540
1069 821
133 552
164 565
1294 694
1236 754
491 764
136 559
41 370
471 763
563 804
311 684
208 640
138 524
153 457
306 679
310 685
284 663
1291 696
568 805
114 393
1374 545
393 734
132 561
305 677
494 779
199 632
486 766
167 570
127 555
1239 759
407 756
204 642
1040 824
286 666
35 374
150 452
196 634
1399 629
128 563
389 737
46 377
1241 762
134 518
1376 550
565 812
302 673
476 770
296 663
117 398
288 669
481 768
122 558
148 449
199 645
1076 833
1036 829
1243 765
126 520
108 406
48 381
385 740
172 577
1378 555
131 513
190 637
1405 632
566 818
120 403
1477 501
318 696
110 409
121 567
122 522
145 444
194 648
495 792
1407 633
116 561
1079 838
569 820
26 380
169 584
1246 770
129 510
567 821
381 743
1408 631
1380 560
1036 837
185 640
117 569
123 408
1037 838
190 650
497 796
113 414
177 584
22 382
117 525
570 825
142 439
172 588
132 446
6 355
377 746
1407 627
54 390
126 505
110 564
323 703
1039 835
1382 565
1250 776
113 571
316 708
499 800
140 436
174 591
18 384
179 643
116 419
180 589
127 414
112 528
569 831
373 749
129 441
571 831
1252 779
1405 622
183 654
57 395
326 708
109 574
1384 570
173 595
176 645
484 804
122 499
501 805
103 568
137 431
129 418
119 424
369 752
107 531
1403 617
1040 851
385 775
126 436
1255 784
172 599
572 837
11 388
1296 757
60 400
1386 575
101 565
503 809
319 718
570 839
177 658
119 494
1045 852
102 576
170 648
113 580
134 426
1257 787
365 755
55 406
171 603
122 429
1429 560
571 842
1298 761
1401 612
321 721
102 534
1420 614
117 491
6 391
573 843
173 660
1388 580
505 814
98 560
115 584
57 409
168 605
64 406
1361 716
97 579
165 651
361 758
334 719
1399 607
2 393
385 786
1301 766
1261 793
324 726
59 412
507 818
97 537
165 607
114 486
1390 585
168 663
574 849
95 555
118 589
1364 720
0 395
358 754
67 411
337 723
91 531
573 852
1303 770
105 488
1397 602
509 823
1264 798
158 655
62 417
90 584
92 540
1101 866
160 610
1392 590
164 666
120 593
111 481
1367 724
575 855
70 416
86 534
340 728
1266 801
157 612
91 548
354 748
511 827
102 483
109 478
1395 597
247 720
155 651
88 543
65 422
1103 871
386 798
85 587
1370 728
1307 777
84 531
576 860
331 737
1268 804
6 404
124 599
575 862
513 831
169 673
245 725
99 478
106 473
333 740
82 528
148 659
151 616
68 427
151 645
1452 621
126 603
575 866
494 839
349 741
577 866
1271 809
1105 878
340 761
346 736
9 409
151 670
76 425
104 470
335 743
121 607
515 836
1311 784
78 592
573 867
1375 735
172 678
243 730
96 473
79 523
148 641
142 662
71 432
123 610
387 810
147 672
129 608
1107 883
517 840
578 872
12 414
79 430
74 595
101 465
352 793
77 520
1378 739
1275 815
142 618
241 735
145 624
73 596
567 870
93 468
1315 791
143 674
131 612
126 615
74 437
177 685
1277 818
519 845
136 665
144 635
1381 743
15 419
579 878
141 626
82 435
74 515
1109 890
136 620
562 872
97 459
139 676
239 741
90 463
142 632
139 628
521 849
1383 746
77 442
237 742
180 690
1280 823
78 603
1110 894
1319 798
95 456
130 668
388 823
580 884
71 510
63 601
19 425
134 678
86 441
79 445
1282 826
1386 750
556 875
523 854
1111 898
232 744
86 457
81 608
321 776
1322 803
92 451
59 603
21 429
353 810
130 680
581 890
68 505
124 671
185 697
525 858
89 446
82 450
1389 754
179 701
122 672
550 878
1286 832
1324 807
66 502
55 605
126 682
84 613
225 746
181 704
389 835
120 669
568 896
1392 758
527 863
188 702
223 747
232 757
311 777
51 607
122 684
183 707
1289 837
63 497
118 666
27 438
251 763
529 867
1328 814
252 764
185 710
1291 840
1112 914
541 882
118 686
82 624
388 843
46 610
29 442
90 622
1397 765
193 709
531 871
60 492
187 713
354 827
79 626
114 660
537 884
1113 919
390 847
301 778
114 690
42 612
58 489
1332 821
536 882
1295 846
1400 769
533 876
240 773
93 627
115 692
196 714
211 737
74 629
111 655
191 719
38 614
55 484
503 888
1403 773
35 451
1298 851
109 652
118 697
1311 844
1336 828
34 616
291 779
504 891
208 732
69 632
236 780
287 762
1300 854
1405 777
201 721
37 455
107 649
391 859
195 725
52 479
99 636
206 729
100 693
505 895
30 618
1302 857
50 476
355 845
28 620
1340 835
104 644
62 636
232 787
569 927
507 900
1459 739
124 706
281 780
95 696
570 928
1305 862
47 471
43 464
389 870
1343 840
57 639
387 871
127 711
33 627
228 794
1309 868
88 701
388 878
1123 949
36 632
1311 871
50 643
15 629
356 862
581 936
83 704
1349 849
224 801
133 720
35 638
1125 954
389 884
11 631
39 637
125 725
1314 876
45 646
588 927
72 696
1352 854
127 728
1316 879
38 643
136 725
220 808
69 698
390 891
129 731
5 635
74 710
66 700
1356 860
59 672
1320 885
1 637
63 702
69 713
52 671
216 815
391 898
133 737
357 880
142 734
1359 865
1323 890
341 882
347 883
135 740
339 883
1325 893
607 926
46 674
57 706
392 905
137 743
145 739
212 822
62 718
1363 871
1327 896
43 676
54 708
596 960
139 746
365 901
219 830
41 680
57 721
393 912
141 749
220 832
1366 876
1330 901
208 829
37 679
1337 898
48 712
394 918
52 725
44 715
32 682
366 913
1370 883
1334 907
227 837
214 840
1465 811
626 925
380 923
42 712
1336 910
230 839
212 843
395 925
201 838
1372 887
27 685
40 709
1355 902
605 978
210 846
29 692
234 842
1374 891
25 682
1339 915
198 843
374 929
208 849
60 736
396 932
367 925
23 679
1341 918
637 930
1376 895
238 845
36 703
206 852
307 893
639 932
63 741
304 885
1378 899
204 855
397 939
20 674
1424 857
1345 924
645 924
202 858
245 850
1380 903
646 922
190 854
17 669
200 861
640 941
398 946
244 857
1382 907
1427 864
1348 930
294 886
642 942
198 864
14 664
71 752
1384 911
646 942
196 867
185 861
399 953
1350 936
647 940
1430 871
361 949
1386 915
11 659
74 757
1183 1011
192 873
1388 919
400 961
180 868
8 654
1433 878
611 1015
1353 945
189 877
613 1016
1177 1016
1187 1018
177 872
250 876
1390 926
5 649
1355 950
246 879
401 969
1436 885
1391 929
82 768
1172 1020
185 883
174 877
368 971
1190 1024
268 887
2 644
1392 933
1437 889
646 892
1171 1023
247 885
1169 1022
641 971
1357 957
85 773
644 891
1393 936
402 977
265 894
1167 1023
1192 1029
1361 958
251 888
1173 1027
181 889
252 889
652 973
628 1017
1438 895
261 888
1394 940
1359 962
261 895
654 974
247 893
361 980
1439 898
1175 1031
1395 943
1195 1035
403 985
166 888
634 1018
177 895
1361 967
548 1047
246 897
369 986
1396 947
91 783
1177 1035
613 1042
661 976
175 898
1198 1041
1397 951
404 992
543 1051
165 896
251 903
1179 1040
173 901
1363 974
1246 1016
642 1019
638 1033
1441 910
95 790
643 1017
1200 1046
1247 1019
171 904
1181 1044
539 1054
640 1035
664 987
1365 979
1248 1022
614 1054
405 1000
648 1021
169 907
390 1002
642 997
1183 1048
535 1057
1249 1025
370 1002
388 1003
642 1040
99 797
1367 984
616 1059
372 1003
1443 920
1250 1028
165 913
531 1060
406 1008
252 919
1251 1031
1202 1059
102 802
246 920
644 1047
166 916
618 1065
1369 991
244 921
1252 1034
147 868
167 919
104 806
1253 1037
646 1052
407 1016
149 914
522 1062
1371 996
1203 1067
1445 932
620 1071
1254 1040
237 923
169 924
519 1063
1255 1043
648 1057
360 1020
108 813
170 927
1373 1001
622 1076
1202 1073
358 1021
1256 1046
408 1024
232 925
144 920
253 935
623 1079
534 1085
1447 942
172 932
511 1065
1201 1078
1258 1051
106 823
624 1082
1375 1008
533 1088
112 820
651 1066
409 1032
507 1066
1259 1054
1376 1012
138 927
174 938
1200 1084
1260 1057
626 1088
115 825
653 1071
363 1035
531 1094
175 941
413 1035
110 830
502 1068
1261 1060
176 942
505 1077
129 849
1449 954
117 829
254 951
341 1023
628 1093
130 847
1377 1020
540 1102
417 1038
529 1100
1196 1091
370 1042
1263 1065
113 836
629 1096
656 1080
178 949
1378 1024
528 1104
1264 1068
335 1024
1194 1095
421 1041
115 839
171 953
578 1110
121 836
495 1079
179 952
1414 1009
1265 1071
1451 964
371 1049
631 1102
658 1085
172 956
526 1108
1192 1099
673 1078
491 1080
180 956
1266 1074
490 1081
173 959
123 941
330 1033
524 1112
428 1046
193 945
1267 1077
1190 1103
255 967
483 1070
633 1108
181 960
372 1056
578 1119
491 1085
1380 1037
175 964
1425 1008
197 947
661 1094
1188 1107
432 1049
522 1117
1269 1082
478 1071
492 1089
322 1034
1453 976
635 1113
373 1063
183 967
1270 1085
1186 1111
317 1026
520 1121
636 1116
663 1099
493 1093
147 829
177 971
473 1069
1271 1088
1381 1046
486 1095
184 971
637 1119
204 952
315 1035
313 1027
439 1054
1184 1115
518 1125
1272 1091
374 1070
179 976
1455 986
151 824
468 1067
256 983
484 1099
1273 1094
1182 1119
443 1057
209 955
639 1125
666 1108
516 1130
681 1101
186 978
308 1036
1382 1054
107 956
463 1065
482 1104
682 1104
521 1136
1383 1057
181 983
514 1134
187 982
641 1130
668 1113
449 1059
1180 1126
481 1107
683 1107
215 960
31 889
158 816
458 1063
642 1133
300 1037
512 1138
100 960
1457 998
518 1141
376 1084
479 1111
1179 1131
296 1029
596 1147
183 990
685 1112
189 989
1247 1125
257 999
510 1143
644 1139
686 1115
671 1122
1384 1068
293 1038
1178 1136
477 1116
190 993
515 1147
93 964
290 1030
377 1091
1287 1107
687 1118
508 1147
476 1119
1385 1072
1386 1072
1459 1008
185 998
513 1150
1252 1131
673 1127
646 1145
688 1121
1256 1130
369 1096
1276 1120
192 1000
474 1123
186 1002
285 1039
368 1098
367 1097
689 1124
506 1152
378 1098
217 977
86 968
648 1150
510 1156
690 1127
24 908
193 1004
187 1006
381 1100
279 1031
1290 1119
504 1156
472 1128
1258 1138
649 1153
218 982
258 1015
1461 1018
676 1136
278 1040
477 1132
1289 1123
471 1131
692 1132
650 1156
502 1160
79 972
189 1011
274 1032
251 1020
1444 1062
226 985
387 1103
195 1011
678 1141
1300 1119
259 1021
469 1135
1263 1144
354 1099
500 1164
474 1138
248 1022
694 1138
270 1041
196 1015
652 1162
1463 1028
1200 1165
227 991
219 993
350 1100
72 976
393 1106
260 1027
467 1140
191 1020
264 1033
511 1173
654 1167
471 1144
1309 1121
220 997
493 1164
681 1150
70 973
696 1144
466 1143
262 1034
192 1023
241 1026
1269 1151
263 1042
198 1022
596 1182
465 1144
228 998
655 1170
1312 1122
347 1110
397 1112
399 1109
470 1148
594 1183
1184 1172
683 1155
1465 1038
199 1026
67 968
698 1150
516 1180
1200 1177
256 1043
229 1004
1274 1157
474 1151
657 1176
194 1031
404 1112
234 1030
337 1102
458 1140
221 1007
1320 1124
233 1028
338 1111
700 1155
252 1044
201 1033
488 1180
222 1010
519 1185
195 1035
482 1156
333 1103
1205 1181
63 961
480 1158
454 1138
230 1010
686 1164
701 1158
1324 1125
659 1182
1467 1048
410 1115
1279 1163
202 1037
196 1039
618 1195
1385 1115
702 1161
450 1136
411 1120
1328 1126
485 1186
1383 1116
661 1186
329 1112
688 1169
1210 1185
197 1043
1401 1117
524 1192
642 1194
59 954
416 1118
446 1134
1468 1056
415 1122
53 998
704 1167
1333 1128
225 1044
1378 1118
1214 1188
482 1191
208 1044
1469 1059
320 1105
527 1197
705 1170
419 1124
666 1193
320 1113
441 1131
691 1178
423 1122
316 1106
1372 1120
1219 1192
1322 1155
204 1052
479 1197
707 1174
46 1002
437 1129
435 1133
1342 1130
669 1198
34 976
664 1201
693 1183
201 1054
1344 1131
532 1204
426 1128
671 1199
1223 1195
1367 1122
429 1125
311 1114
433 1127
1278 1186
694 1188
475 1204
39 1006
1446 1120
1349 1129
535 1209
1362 1124
195 1057
597 1223
1448 1121
1228 1199
304 1108
1352 1128
35 1008
302 1115
22 981
472 1210
690 1194
33 1010
1232 1202
190 1060
575 1224
697 1196
540 1216
296 1109
297 1116
688 1198
2 977
1237 1206
184 1063
468 1217
1268 1198
292 1110
293 1117
37 1017
543 1221
567 1227
1399 1154
179 1066
288 1118
286 1111
465 1223
1244 1204
40 1022
561 1230
1469 1122
1259 1200
548 1228
284 1119
1248 1203
42 1026
1470 1120
463 1228
173 1069
724 1206
1390 1167
452 1224
279 1120
551 1233
463 1232
276 1113
45 1031
1475 1132
173 1078
168 1072
669 1240
275 1121
47 1035
1459 1154
445 1220
271 1122
670 1245
268 1114
162 1075
49 1039
557 1251
173 1087
1433 1170
50 1040
265 1115
266 1123
440 1217
671 1251
157 1078
1342 1207
262 1124
175 1093
474 1245
436 1215
1477 1156
1361 1197
57 1036
672 1257
176 1096
630 1269
151 1081
432 1213
257 1125
477 1249
178 1097
55 1050
1397 1191
1363 1202
61 1034
253 1117
701 1251
631 1273
673 1263
253 1126
57 1054
146 1084
712 1246
1365 1207
700 1255
185 1099
425 1209
66 1031
248 1127
1364 1209
674 1269
604 1284
1362 1209
244 1119
699 1259
1374 1206
60 1060
140 1087
718 1248
70 1029
165 1110
190 1101
485 1259
244 1128
420 1206
606 1288
698 1263
675 1275
62 1064
633 1286
74 1027
157 1112
240 1129
238 1117
416 1204
1370 1217
536 1273
724 1251
697 1267
133 1091
197 1103
64 1068
235 1116
608 1293
676 1280
79 1024
634 1292
696 1271
531 1276
1372 1224
202 1105
610 1298
67 1073
127 1094
677 1286
229 1114
83 1022
1434 1210
528 1278
695 1275
495 1271
635 1298
231 1138
149 1123
1374 1229
69 1077
612 1303
525 1280
87 1020
694 1279
204 1116
122 1097
209 1107
678 1292
223 1112
91 1024
697 1281
498 1275
402 1252
636 1304
71 1081
423 1276
1376 1234
146 1128
220 1111
614 1308
94 1022
92 1017
214 1109
693 1285
519 1284
679 1298
637 1308
225 1145
116 1100
73 1085
152 1135
97 1020
211 1121
616 1312
96 1015
150 1137
417 1280
1378 1241
100 1018
1386 1238
75 1089
680 1304
420 1285
141 1135
111 1103
692 1292
513 1288
100 1013
148 1140
414 1282
618 1317
220 1151
638 1316
696 1295
103 1016
507 1286
1387 1243
146 1143
639 1319
78 1094
138 1140
681 1310
1380 1249
105 1010
691 1299
695 1300
108 1013
1388 1248
103 1107
80 1098
375 1237
206 1146
143 1148
412 1293
214 1158
109 1008
682 1316
640 1327
1389 1253
526 1315
141 1151
82 1102
371 1239
133 1147
98 1110
1382 1257
114 1009
113 1006
641 1330
683 1321
139 1154
84 1106
111 1135
1390 1258
209 1164
130 1152
45 1120
1435 1250
92 1113
365 1243
129 1153
118 1003
1398 1257
531 1322
120 1005
86 1110
684 1327
1384 1265
136 1159
1391 1264
89 1115
137 1161
1392 1265
1384 1268
122 1001
361 1246
115 1142
204 1170
127 1158
400 1304
1398 1263
534 1327
1382 1269
643 1342
685 1333
113 1146
126 1001
122 1148
117 1145
1380 1268
141 1164
126 999
682 1336
201 1174
96 1139
124 1163
184 1137
188 1130
365 1253
1394 1274
1380 1276
686 1339
1386 1277
538 1333
145 1167
644 1350
198 1178
128 1170
92 1141
1399 1275
86 1136
367 1257
645 1353
149 1170
179 1142
687 1345
541 1338
88 1143
695 1334
195 1182
118 1172
124 1176
153 1173
84 1145
22 1146
1387 1288
192 1186
688 1351
175 1147
122 1179
151 1178
646 1361
155 1176
115 1177
696 1342
546 1345
102 1163
80 1147
156 1169
647 1364
120 1182
189 1190
172 1151
1388 1294
689 1357
1395 1294
548 1349
118 1185
690 1358
147 1184
160 1179
57 1154
387 1331
111 1183
186 1194
162 1181
160 1163
697 1351
168 1156
96 1170
694 1356
1479 1265
145 1188
1436 1290
183 1198
114 1191
173 1189
108 1188
553 1356
145 1193
649 1377
380 1335
141 1194
692 1370
180 1202
143 1196
650 1381
90 1177
111 1197
556 1361
696 1372
178 1205
375 1338
104 1195
139 1198
42 1171
693 1375
1396 1314
140 1202
109 1203
698 1377
137 1202
44 1175
102 1200
560 1367
370 1341
175 1211
84 1184
694 1381
135 1206
46 1179
107 1208
562 1371
137 1208
100 1205
652 1394
366 1336
695 1386
82 1189
700 1385
172 1217
133 1210
48 1183
653 1398
105 1213
135 1213
565 1376
98 1210
705 1387
363 1332
80 1194
702 1390
696 1392
131 1214
50 1187
170 1222
1388 1331
567 1380
96 1214
103 1218
23 1191
1400 1328
706 1391
1386 1332
1480 1298
360 1328
132 1219
129 1218
52 1191
78 1199
1385 1330
697 1397
354 1351
1388 1337
708 1395
167 1228
94 1219
101 1223
570 1385
704 1398
127 1222
1383 1338
655 1411
310 1297
54 1196
76 1204
1437 1330
698 1403
349 1354
572 1389
710 1400
165 1233
1387 1343
99 1228
71 1205
125 1226
706 1403
656 1415
128 1228
56 1200
699 1408
74 1210
314 1303
70 1209
712 1405
311 1305
344 1357
123 1231
58 1204
162 1239
1386 1350
89 1231
576 1396
126 1235
316 1307
72 1215
714 1409
97 1237
700 1414
60 1208
68 1215
339 1360
20 1213
125 1239
96 1240
87 1236
159 1245
148 1238
579 1401
711 1415
1385 1357
658 1428
70 1220
716 1414
67 1219
432 1413
62 1212
120 1240
701 1420
86 1239
66 1220
334 1363
56 1217
581 1405
123 1244
659 1432
65 1218
429 1415
24 1220
68 1225
718 1419
331 1365
714 1421
702 1425
118 1245
94 1248
1384 1364
84 1244
157 1253
68 1227
426 1417
583 1409
93 1252
1383 1368
328 1361
27 1225
522 1429
301 1325
82 1249
585 1413
703 1431
116 1251
717 1427
340 1386
722 1425
1480 1335
81 1250
539 1430
586 1415
92 1256
120 1255
420 1421
155 1261
29 1229
72 1234
115 1254
1382 1373
325 1357
661 1445
79 1247
1402 1370
724 1429
704 1436
91 1260
588 1419
720 1433
74 1238
547 1436
415 1424
1381 1378
322 1353
662 1449
32 1234
118 1262
114 1261
326 1386
1438 1370
141 1263
153 1269
308 1334
705 1442
412 1426
590 1424
728 1435
34 1238
319 1349
1380 1383
348 1397
340 1400
140 1267
409 1428
117 1268
706 1447
592 1428
730 1439
113 1268
320 1390
726 1442
584 1434
139 1271
316 1345
292 1342
1379 1388
151 1277
37 1243
351 1402
676 1458
90 1274
594 1432
317 1392
728 1445
404 1431
664 1462
707 1453
138 1275
1479 1357
39 1247
1378 1393
89 1278
314 1394
734 1446
664 1465
112 1276
596 1436
1376 1394
663 1466
137 1279
1386 1397
149 1285
1374 1394
732 1451
708 1459
356 1409
398 1435
42 1252
311 1390
709 1460
1376 1399
1373 1392
598 1441
658 1465
89 1285
309 1399
734 1454
111 1283
395 1437
1373 1390
1371 1399
148 1291
485 1460
91 1286
1403 1399
288 1357
44 1256
359 1414
735 1457
600 1445
1374 1404
116 1288
653 1464
307 1384
422 1461
482 1462
733 1458
742 1456
390 1440
116 1291
602 1449
110 1291
47 1261
1372 1409
98 1288
118 1292
744 1459
109 1292
648 1463
424 1465
387 1442
686 1478
721 1459
304 1380
712 1472
136 1296
141 1298
301 1406
135 1297
300 1407
476 1465
49 1265
604 1454
384 1444
1478 1380
1370 1414
1379 1416
1403 1412
606 1455
473 1467
642 1462
296 1368
21 1276
367 1425
114 1300
1379 1418
731 1470
381 1446
713 1479
1401 1413
300 1374
126 1294
1380 1419
52 1270
1439 1410
351 1435
301 1414
1368 1419
1441 1411
88 1306
637 1461
370 1430
378 1442
467 1470
54 1274
293 1416
81 1308
347 1438
714 1487
1366 1424
743 1478
533 1487
79 1309
632 1460
372 1448
281 1400
636 1484
56 1278
1447 1414
618 1457
462 1473
1364 1428
147 1320
627 1459
622 1458
741 1484
309 1425
1452 1416
715 1495
147 1323
58 1285
456 1476
272 1398
740 1487
402 1486
68 1310
1477 1403
1388 1437
1357 1432
66 1311
1458 1419
451 1479
148 1330
267 1401
716 1503
65 1309
305 1436
738 1493
60 1292
774 1473
406 1493
684 1513
1463 1421
357 1460
777 1474
1350 1436
1378 1448
445 1482
736 1499
149 1337
1349 1434
62 1299
780 1475
717 1511
260 1406
353 1463
1360 1448
239 1384
735 1502
442 1484
719 1512
410 1500
1469 1424
411 1501
738 1505
1358 1451
1377 1455
785 1477
255 1409
314 1447
150 1345
348 1467
235 1388
737 1508
1381 1458
733 1508
465 1512
436 1487
1475 1427
726 1513
1449 1449
316 1450
736 1512
791 1479
1376 1462
418 1497
343 1471
151 1352
431 1490
248 1414
796 1481
611 1515
229 1396
111 1350
1470 1447
423 1494
113 1351
340 1467
1375 1469
1413 1465
740 1519
714 1532
322 1458
1350 1465
243 1417
152 1359
6 1330
226 1400
109 1355
1394 1471
564 1530
802 1483
337 1463
742 1523
727 1534
224 1403
108 1358
319 1467
1396 1476
744 1527
107 1361
236 1422
321 1470
728 1539
738 1533
221 1407
422 1526
334 1493
140 1372
105 1366
749 1531
1374 1485
231 1425
1363 1480
729 1544
1398 1483
742 1539
555 1547
730 1548
216 1414
1397 1487
753 1534
138 1378
103 1372
467 1547
78 1376
327 1498
745 1543
214 1417
1396 1491
224 1430
102 1375
731 1553
137 1382
212 1420
323 1501
1395 1495
107 1381
732 1558
219 1433
749 1549
210 1423
100 1381
1384 1497
135 1388
83 1383
319 1504
106 1385
1391 1498
444 1552
733 1562
752 1553
134 1392
838 1471
207 1427
85 1387
98 1386
105 1388
611 1566
212 1438
734 1567
205 1430
104 1393
312 1509
132 1398
96 1392
756 1559
203 1433
208 1441
735 1572
90 1394
207 1442
131 1402
308 1512
755 1564
94 1398
102 1402
304 1515
129 1408
754 1569
742 1578
852 1484
128 1412
214 1451
753 1574
1270 1447
101 1410
1460 1517
766 1572
748 1576
854 1489
297 1520
217 1456
126 1418
768 1576
1325 1524
293 1523
856 1494
105 1416
125 1422
771 1581
871 1478
137 1427
289 1526
107 1420
858 1499
298 1539
223 1464
123 1428
136 1431
773 1585
703 1611
122 1432
295 1544
226 1469
775 1589
111 1427
774 1590
282 1531
1469 1536
302 1546
134 1438
1470 1538
278 1534
776 1595
886 1478
120 1439
115 1433
119 1440
306 1553
274 1537
890 1476
754 1613
468 1616
1309 1545
234 1480
779 1604
271 1533
117 1448
895 1474
735 1625
310 1560
758 1619
1309 1552
130 1455
781 1609
1413 1565
900 1472
1470 1556
239 1487
781 1611
737 1630
760 1623
536 1631
313 1565
266 1526
169 1485
738 1633
903 1468
242 1491
466 1631
134 1461
315 1569
763 1628
739 1636
750 1634
1317 1559
163 1488
776 1618
262 1520
136 1465
245 1496
765 1632
907 1462
911 1465
766 1633
261 1560
741 1642
319 1576
753 1640
259 1516
773 1623
157 1491
140 1471
910 1457
1325 1566
1469 1576
1326 1566
743 1648
322 1581
153 1493
2 1454
142 1475
255 1510
744 1651
93 1476
151 1490
324 1585
146 1481
1333 1573
746 1657
148 1485
318 1596
328 1592
936 1479
748 1663
321 1601
934 1454
331 1597
940 1482
935 1452
1468 1597
679 1681
750 1668
1269 1581
333 1601
246 1588
324 1607
1267 1586
752 1674
326 1610
709 1685
1343 1592
337 1608
1265 1591
1412 1619
754 1680
710 1690
329 1616
1263 1596
955 1452
341 1615
466 1685
756 1686
332 1621
1467 1617
463 1687
757 1689
1203 1551
935 1428
1260 1603
344 1620
935 1427
228 1602
199 1563
933 1427
937 1426
191 1564
336 1628
346 1624
457 1690
759 1695
760 1698
454 1692
233 1609
1203 1562
339 1634
977 1466
1204 1563
974 1451
453 1697
1193 1560
350 1631
1150 1457
341 1637
235 1613
762 1704
448 1695
730 1713
763 1705
1466 1638
353 1636
177 1578
443 1698
344 1643
472 1712
240 1620
769 1701
355 1640
174 1580
225 1624
346 1646
1140 1470
1429 1655
1219 1562
171 1582
773 1699
437 1701
471 1719
358 1645
196 1608
992 1450
244 1627
349 1652
997 1465
778 1696
360 1649
432 1704
48 1549
165 1586
1226 1569
1129 1457
470 1726
1160 1554
190 1612
1227 1571
352 1657
1465 1658
248 1633
527 1733
1004 1464
783 1693
1271 1652
194 1622
426 1707
187 1614
159 1590
364 1656
1121 1442
469 1733
1411 1673
732 1741
787 1691
1152 1555
251 1638
190 1625
156 1592
356 1664
1272 1658
421 1710
1125 1499
181 1618
1011 1449
468 1740
368 1663
435 1731
1145 1556
793 1687
255 1644
185 1629
1273 1664
359 1670
150 1596
415 1713
1110 1443
465 1742
1404 1682
437 1735
175 1622
797 1685
1236 1588
258 1649
372 1670
362 1675
1274 1670
145 1599
1464 1679
410 1716
171 1625
1401 1687
801 1682
465 1751
142 1601
62 1579
1028 1463
261 1654
375 1675
430 1744
175 1637
139 1603
404 1719
366 1682
1029 1448
165 1629
377 1679
789 1751
401 1721
460 1758
1035 1462
62 1587
1237 1603
809 1676
162 1631
434 1751
479 1764
399 1718
133 1607
369 1688
458 1761
791 1755
1393 1698
267 1663
738 1771
70 1590
436 1754
381 1686
371 1691
1087 1449
165 1645
156 1635
793 1759
1463 1699
728 1777
1115 1561
452 1759
270 1668
127 1611
1045 1461
395 1711
730 1780
818 1669
384 1691
1388 1705
795 1763
449 1758
1047 1463
374 1697
124 1613
1238 1617
75 1597
732 1783
273 1673
149 1640
386 1695
797 1767
384 1728
1120 1568
734 1786
391 1704
377 1702
1229 1623
78 1601
119 1616
155 1653
1429 1720
1383 1712
799 1771
1072 1450
735 1789
1056 1451
116 1618
1431 1721
1123 1573
143 1644
378 1731
828 1661
81 1606
76 1609
116 1622
801 1775
671 1801
279 1682
113 1620
54 1613
140 1646
149 1658
1239 1631
460 1788
1462 1720
1378 1719
741 1796
668 1803
803 1779
372 1734
1460 1721
742 1798
1128 1580
282 1687
145 1661
1376 1722
850 1700
107 1624
113 1633
134 1650
805 1783
836 1655
87 1614
725 1798
112 1634
1230 1640
852 1702
59 1623
662 1806
367 1737
1131 1585
562 1802
286 1693
742 1806
1049 1490
807 1788
139 1666
90 1619
101 1628
1240 1646
127 1655
656 1809
361 1740
854 1709
749 1809
136 1668
809 1792
98 1630
1242 1647
289 1698
845 1648
1136 1592
1049 1497
854 1661
124 1651
715 1807
811 1796
1047 1498
392 1785
579 1814
120 1645
650 1812
355 1743
856 1716
741 1817
1446 1745
292 1703
1139 1597
865 1673
813 1800
857 1720
436 1809
648 1820
578 1821
349 1746
126 1676
1352 1724
872 1710
854 1641
815 1804
859 1725
438 1813
346 1748
1468 1752
740 1828
298 1712
705 1816
817 1808
642 1823
1345 1725
582 1828
869 1725
440 1817
819 1812
340 1751
301 1717
438 1821
861 1733
863 1634
116 1684
585 1833
37 1655
635 1827
821 1816
739 1838
304 1722
334 1754
863 1738
1231 1678
496 1838
587 1837
695 1825
823 1820
442 1828
629 1830
493 1840
278 1740
589 1841
1410 1780
872 1627
108 1691
444 1832
590 1842
874 1741
1055 1601
652 1853
327 1758
107 1693
738 1849
826 1827
397 1827
414 1832
875 1744
488 1843
281 1745
310 1731
446 1836
1232 1689
866 1749
325 1755
622 1834
1405 1784
1323 1727
876 1747
1050 1604
621 1832
1253 1689
597 1838
654 1860
685 1834
323 1752
448 1840
877 1750
313 1736
655 1861
1020 1547
1401 1787
881 1620
831 1834
481 1847
868 1756
106 1703
601 1836
286 1753
603 1845
737 1860
878 1754
320 1747
316 1741
869 1760
801 1851
288 1756
1042 1610
108 1707
605 1834
834 1839
1309 1728
880 1760
110 1711
871 1765
430 1855
675 1843
291 1761
661 1872
1037 1613
890 1613
1008 1549
624 1864
736 1871
890 1611
379 1843
1304 1729
112 1715
839 1846
432 1859
882 1766
482 1868
294 1766
1254 1711
732 1874
873 1773
358 1836
888 1606
668 1876
883 1770
922 1662
434 1863
295 1769
114 1720
1399 1810
842 1851
1029 1619
1450 1810
383 1850
998 1551
1233 1718
886 1602
576 1880
427 1868
875 1778
436 1867
1397 1814
305 1789
437 1868
885 1776
726 1878
385 1854
845 1856
474 1875
670 1885
1024 1622
675 1880
1395 1818
675 1884
441 1866
1288 1730
300 1791
1233 1726
672 1888
20 1706
469 1874
469 1876
887 1782
388 1859
1231 1727
720 1882
1393 1822
286 1780
986 1553
445 1864
598 1888
296 1793
1283 1731
674 1892
850 1863
682 1884
878 1789
717 1884
390 1863
679 1890
464 1873
464 1878
468 1884
1449 1827
449 1862
283 1776
292 1795
889 1789
1255 1733
280 1781
462 1870
853 1868
392 1867
1256 1734
460 1880
944 1656
678 1898
129 1737
880 1796
682 1895
453 1860
977 1555
689 1888
288 1797
711 1888
1275 1739
946 1656
1222 1734
994 1603
461 1888
891 1795
279 1770
344 1860
680 1902
765 1902
881 1800
281 1792
395 1872
948 1659
284 1799
915 1586
892 1798
1269 1732
133 1742
850 1879
858 1875
1214 1729
686 1901
341 1862
608 1900
705 1892
276 1766
397 1876
696 1892
883 1805
280 1801
1422 1845
454 1892
275 1795
338 1864
1210 1730
860 1879
611 1904
1448 1844
689 1906
399 1880
894 1805
84 1754
930 1592
276 1803
272 1797
686 1911
272 1760
919 1576
691 1909
333 1867
545 1916
942 1603
674 1921
272 1805
981 1614
402 1885
688 1915
710 1912
1435 1853
63 1749
896 1811
618 1902
865 1886
693 1912
330 1869
269 1756
266 1800
887 1816
451 1905
897 1814
268 1807
404 1889
622 1901
1437 1858
922 1568
722 1924
868 1891
704 1915
325 1872
692 1921
261 1803
889 1822
264 1809
673 1930
406 1893
1438 1861
265 1750
445 1908
719 1926
973 1621
1447 1861
899 1821
924 1563
696 1919
1439 1864
629 1899
260 1811
100 1777
891 1827
262 1746
900 1824
319 1876
409 1898
1187 1729
873 1898
254 1807
714 1929
257 1813
256 1747
672 1939
927 1557
147 1770
1210 1770
1441 1870
30 1757
411 1902
893 1832
671 1940
875 1902
314 1879
902 1830
876 1903
258 1740
447 1925
251 1747
259 1818
149 1774
248 1810
1212 1774
413 1906
311 1881
895 1837
702 1935
1443 1876
260 1821
716 1942
927 1549
247 1749
151 1778
666 1934
1214 1778
833 1929
904 1837
1444 1879
441 1928
261 1824
243 1813
704 1939
883 1899
14 1765
1473 1876
416 1911
742 1949
306 1884
897 1842
1183 1762
243 1751
153 1782
438 1930
1216 1782
835 1934
263 1829
418 1915
242 1822
661 1928
834 1936
899 1847
301 1887
155 1786
236 1817
911 1843
1218 1787
890 1895
432 1933
1176 1766
420 1919
479 1954
236 1755
298 1889
854 1934
157 1789
710 1948
265 1835
627 1949
829 1939
1220 1791
429 1935
235 1826
703 1955
1443 1895
750 1960
266 1838
629 1952
229 1751
423 1924
712 1952
229 1821
917 1848
897 1891
427 1932
1222 1795
292 1893
824 1942
231 1828
229 1759
164 1785
666 1969
90 1811
1167 1771
268 1843
632 1956
154 1802
290 1890
1224 1799
902 1888
223 1824
1440 1904
269 1846
168 1783
819 1945
923 1853
226 1831
861 1946
224 1762
1163 1773
156 1806
907 1914
285 1898
270 1849
1226 1803
718 1961
906 1886
287 1885
172 1781
733 1976
222 1833
218 1827
220 1764
637 1963
1159 1775
733 1977
814 1948
158 1810
1230 1801
720 1965
288 1910
731 1978
929 1858
272 1854
176 1779
268 1857
729 1979
160 1814
212 1760
913 1882
283 1878
1234 1799
1234 1807
809 1951
216 1837
1144 1762
276 1902
211 1831
738 1983
726 1978
213 1768
1152 1779
727 1976
274 1860
162 1819
212 1839
271 1863
718 1977
274 1907
183 1775
918 1879
206 1763
287 1920
275 1863
804 1954
741 1988
208 1771
1147 1782
270 1905
450 1981
932 1871
279 1871
205 1834
164 1823
187 1773
922 1877
269 1909
207 1842
741 1992
743 1991
929 1873
204 1773
799 1957
1143 1784
200 1766
67 1835
166 1827
200 1837
291 1927
191 1771
264 1908
203 1844
950 1860
794 1960
1138 1787
168 1831
262 1912
936 1892
196 1839
293 1931
159 1836
954 1861
752 1985
193 1841
1134 1789
258 1914
295 1935
196 1848
170 1836
460 1993
789 1963
255 1912
710 2002
413 1983
146 1848
756 1983
878 1980
297 1939
172 1840
253 1916
1129 1792
410 1985
463 1997
187 1844
1407 1946
1445 1945
784 1966
880 1983
249 1915
189 1852
745 2013
407 1987
174 1844
67 1855
963 1855
1125 1794
781 1968
57 1853
1405 1950
300 1944
762 1979
677 2019
882 1986
182 1847
147 1857
246 1919
1413 1953
176 1849
884 1989
243 1918
1403 1954
302 1948
766 1977
968 1852
1120 1797
183 1856
675 2023
294 1952
776 1971
749 2019
401 1991
182 1857
241 1919
471 2007
886 1992
1401 1958
304 1952
291 1954
1116 1799
673 2027
751 2023
237 1918
973 1849
52 1863
184 1861
888 1995
968 1887
395 1995
1399 1962
306 1956
286 1957
890 1998
671 2032
290 1961
1111 1802
186 1865
232 1921
754 2028
978 1846
393 1999
308 1960
892 2001
1397 1967
390 1998
669 2036
1107 1804
188 1869
228 1923
756 2032
479 2017
303 1966
279 1961
1395 1971
311 1965
984 1842
667 2040
407 2017
895 2006
224 1925
190 1874
1102 1807
384 2002
1393 1975
897 2009
306 1972
313 1969
988 1840
760 2039
458 2035
192 1878
1098 1809
219 1928
989 1838
272 1965
661 2044
899 2012
308 1975
1391 1979
455 2037
315 1973
378 2006
487 2027
215 1926
194 1882
658 2046
901 2015
215 1930
987 1834
764 2045
214 1924
452 2039
1389 1983
1092 1812
317 1977
311 1981
903 2018
196 1886
373 2009
265 1969
211 1932
985 1830
654 2049
1078 1792
766 2049
946 1996
1088 1814
319 1981
447 2042
1387 1988
905 2021
209 1934
211 1918
370 2011
1002 1835
983 1826
198 1891
314 1987
907 2024
1384 1990
1084 1816
769 2054
495 2037
367 2013
380 2027
1072 1795
648 2053
258 1973
322 1986
442 2045
950 2003
981 1822
200 1895
1081 1817
208 1912
994 1820
209 1942
213 1941
771 2058
1445 2000
317 1992
1009 1831
1381 1995
910 2029
1379 1993
324 1990
644 2056
996 1818
202 1899
1077 1819
1066 1798
361 2017
752 2068
1020 1859
206 1907
215 1945
912 2032
751 2069
251 1977
1013 1829
440 2055
326 1994
954 2010
1374 1996
320 1998
1073 1821
914 2035
775 2065
1002 1815
503 2047
638 2060
1061 1801
356 2020
251 1985
1017 1827
1024 1863
328 1998
744 2068
916 2038
1069 1824
1059 1798
219 1952
353 2022
1369 1999
244 1981
247 1987
432 2057
634 2063
958 2017
1021 1825
1027 1867
330 2002
1008 1812
324 2005
918 2041
779 2071
435 2064
63 1923
1057 1795
350 2024
221 1956
243 1989
1025 1823
1364 2002
429 2053
920 2044
1051 1797
781 2075
1423 2021
1067 1832
333 2007
241 1991
237 1985
628 2067
1037 1857
511 2057
1051 1810
1014 1809
327 2011
962 2024
922 2047
1038 1864
224 1961
1029 1821
1053 1789
344 2028
752 2089
1359 2005
235 1982
1066 1836
335 2011
1040 1866
784 2080
924 2050
1045 1793
342 2025
226 1965
1033 1819
245 1997
1045 1813
330 2017
965 2030
621 2072
337 2015
1021 1805
1064 1841
786 2084
1354 2008
1049 1783
358 2054
1041 1795
232 1976
1043 1871
927 2055
228 1969
1037 1817
1446 2032
337 2034
618 2074
498 2080
519 2067
248 2003
771 2096
929 2058
1037 1797
1349 2011
414 2072
1027 1802
969 2037
1063 1848
1046 1876
790 2091
332 2037
931 2061
501 2084
611 2079
329 2039
1402 2043
933 2064
252 2010
1049 1881
504 2088
1342 2015
973 2044
1067 1855
409 2081
935 2067
1401 2047
405 2076
527 2077
506 2091
777 2107
324 2042
1052 1886
605 2083
796 2100
937 2070
1069 1859
1337 2018
403 2073
160 1966
256 2017
141 1960
1400 2052
22 1949
509 2095
977 2051
780 2112
401 2070
413 2088
601 2086
1071 1863
206 1998
525 2088
1055 1891
799 2105
318 2046
940 2075
1332 2021
1399 2057
176 1990
512 2099
415 2092
260 2024
398 2065
187 1998
535 2087
1058 1896
160 1982
1398 2061
802 2110
981 2058
313 2049
514 2102
784 2119
595 2090
1327 2024
944 2081
417 2096
310 2051
388 2084
395 2060
212 2025
1397 2066
517 2106
1061 1901
264 2031
419 2100
1322 2027
806 2116
307 2053
393 2097
985 2065
788 2126
384 2086
948 2087
588 2095
520 2110
1396 2071
1064 1906
987 2068
543 2097
1317 2030
585 2097
809 2121
302 2056
380 2088
522 2113
1395 2075
268 2038
387 2100
952 2093
792 2133
1453 2077
1067 1911
376 2090
59 1986
1312 2033
525 2117
812 2126
1394 2080
314 2081
994 2064
296 2060
382 2103
578 2102
1463 2081
955 2098
372 2092
272 2045
795 2139
1070 1916
528 2121
954 2100
1307 2036
551 2107
816 2132
291 2063
797 2142
368 2094
376 2106
530 2124
1314 2052
799 2143
572 2106
1073 1921
288 2065
276 2052
819 2137
533 2128
1316 2056
315 2094
371 2109
285 2067
568 2109
362 2097
945 2104
801 2149
1076 1926
1003 2085
558 2116
963 2110
1402 2098
1318 2060
283 2064
536 2132
822 2142
358 2099
280 2059
365 2112
1079 1931
538 2135
939 2107
1320 2064
966 2115
354 2101
805 2156
353 2099
947 2117
1400 2105
937 2104
826 2148
541 2139
1322 2068
366 2124
1082 1936
1399 2108
350 2103
949 2121
1284 2037
969 2120
808 2162
1282 2038
72 2020
982 2116
544 2143
829 2153
1398 2112
934 2098
951 2125
990 2113
574 2143
1085 1941
360 2127
1009 2103
251 2084
546 2146
1291 2066
811 2167
1397 2116
1476 2113
973 2127
953 2129
1010 2106
545 2148
832 2158
552 2147
1088 1946
930 2091
354 2130
1286 2069
955 2133
814 2172
1270 2037
976 2132
1395 2123
351 2132
572 2155
836 2164
1091 1951
957 2137
538 2153
927 2085
1394 2127
572 2158
817 2178
1279 2073
839 2169
816 2180
955 2143
1094 1956
980 2139
534 2156
910 2112
924 2079
1275 2075
1016 2122
355 2150
1392 2134
1257 2036
812 2183
530 2159
842 2174
1097 1961
983 2144
903 2104
245 2108
349 2151
921 2074
960 2150
526 2162
1023 2124
845 2178
1268 2079
581 2169
1390 2141
807 2187
1100 1966
17 2042
987 2151
963 2155
583 2172
522 2165
918 2068
1389 2145
1028 2126
803 2190
848 2183
1103 1971
917 2066
1244 2035
805 2194
1262 2083
1261 2084
990 2156
518 2168
966 2160
892 2092
55 2060
1387 2152
798 2194
1106 1976
914 2061
1036 2129
589 2180
853 2190
514 2171
1386 2156
372 2167
1265 2091
994 2163
971 2167
793 2198
1109 1981
911 2055
510 2174
1383 2158
1042 2127
1231 2034
856 2195
832 2208
206 2128
1267 2095
1419 2164
1238 2074
973 2171
997 2168
1045 2126
789 2201
834 2211
595 2188
1112 1986
506 2177
1226 2032
1378 2161
908 2049
792 2209
1131 1976
1270 2100
383 2166
976 2175
836 2214
1223 2031
591 2196
861 2202
1051 2124
384 2164
784 2205
1115 1991
1001 2175
1025 2162
1373 2164
1133 1980
1220 2030
1272 2104
905 2044
1233 2085
839 2218
499 2182
1116 1994
979 2180
601 2196
864 2207
780 2208
595 2201
841 2221
1274 2108
1267 2111
1004 2180
1113 1996
1368 2167
1138 1984
1214 2028
495 2185
902 2038
1276 2111
844 2225
377 2155
396 2173
775 2212
599 2206
981 2189
802 2221
1142 1987
1363 2170
491 2188
869 2214
1209 2026
1107 1999
598 2208
607 2204
1278 2115
1008 2187
804 2224
308 2188
1206 2025
770 2216
1146 1990
487 2191
594 2211
1280 2119
982 2196
872 2219
849 2232
1203 2024
1011 2192
1356 2174
961 2205
1208 2078
766 2219
1150 1993
483 2194
14 2095
1111 2014
613 2212
589 2215
1202 2075
1197 2022
1013 2197
1109 2015
957 2208
296 2197
853 2238
1351 2177
1012 2198
811 2233
802 2238
1154 1996
479 2197
403 2195
852 2240
1412 2201
761 2223
585 2218
617 2217
609 2223
1192 2020
1365 2197
880 2230
1346 2180
1415 2205
475 2200
1007 2201
1102 2017
757 2226
1159 2000
950 2213
796 2243
620 2221
846 2244
612 2227
580 2222
1004 2203
995 2209
795 2245
811 2245
1186 2018
471 2203
883 2235
1341 2183
981 2218
1163 2003
843 2246
1237 2140
819 2243
752 2230
623 2225
1001 2205
615 2231
791 2247
944 2217
814 2249
575 2226
467 2206
1366 2210
1180 2016
1167 2006
839 2249
976 2222
626 2229
618 2235
32 2122
1334 2187
747 2234
940 2220
888 2242
817 2253
571 2229
1241 2147
824 2249
786 2251
1171 2009
972 2225
629 2233
621 2239
372 2237
826 2252
833 2253
743 2237
820 2257
1329 2190
891 2247
934 2224
566 2233
458 2213
1355 2217
781 2255
968 2228
632 2237
430 2205
1245 2154
624 2243
823 2261
738 2241
1324 2193
930 2227
562 2236
964 2231
635 2241
627 2247
776 2259
825 2264
896 2254
1248 2159
824 2266
437 2200
733 2245
825 2268
960 2234
638 2245
557 2240
630 2251
1250 2163
933 2241
1326 2210
899 2259
771 2263
923 2232
104 2161
729 2248
819 2270
956 2237
1338 2225
641 2249
633 2255
920 2234
552 2244
1253 2168
902 2263
766 2267
731 2257
952 2240
43 2153
1198 2157
644 2253
636 2259
724 2252
814 2274
916 2237
1255 2172
1317 2214
548 2247
1433 2249
939 2250
635 2261
444 2234
909 2262
211 2219
948 2243
726 2261
647 2257
1349 2243
1139 2068
720 2255
917 2246
760 2272
637 2265
1195 2163
1258 2177
809 2278
631 2264
543 2251
1311 2217
971 2262
262 2248
1018 2256
359 2273
650 2261
721 2265
1260 2181
715 2259
917 2261
229 2238
755 2276
903 2281
539 2254
954 2260
1192 2169
626 2268
1305 2220
803 2283
653 2265
1263 2186
61 2174
710 2263
1190 2174
750 2280
622 2271
715 2270
823 2299
534 2258
40 2173
656 2269
798 2287
1299 2223
1265 2190
751 2286
969 2276
1087 2238
706 2266
448 2251
659 2273
1187 2180
745 2284
617 2275
710 2274
529 2262
1154 2145
532 2266
747 2289
302 2280
1268 2195
793 2291
1293 2226
529 2268
701 2270
662 2277
613 2278
525 2265
706 2278
740 2288
1270 2199
1184 2186
871 2318
526 2271
788 2295
1287 2229
697 2273
741 2294
665 2281
1083 2255
456 2260
608 2282
520 2269
292 2287
155 2240
1273 2204
735 2292
1285 2226
668 2285
692 2277
782 2300
1180 2195
1275 2208
531 2278
1454 2289
603 2286
194 2257
730 2296
671 2289
715 2289
157 2249
1281 2219
533 2282
1377 2293
687 2281
731 2302
181 2258
1443 2295
1278 2213
777 2304
599 2289
673 2292
718 2293
154 2253
194 2265
724 2301
683 2284
727 2306
143 2253
772 2308
594 2293
538 2289
672 2302
1086 2278
1385 2304
1282 2262
590 2296
540 2293
767 2312
1269 2252
472 2281
400 2320
734 2315
1291 2278
585 2300
1336 2304
545 2300
761 2317
305 2325
91 2245
1362 2314
1261 2255
480 2285
581 2303
313 2330
34 2225
547 2304
542 2307
740 2323
756 2321
1255 2258
576 2307
545 2311
487 2293
751 2325
547 2314
745 2330
553 2313
571 2311
546 2316
1337 2323
1247 2261
465 2317
542 2319
1241 2264
538 2322
1287 2311
1091 2319
25 2248
497 2304
1145 2289
1234 2267
533 2326
1232 2264
529 2329
1154 2291
1229 2259
35 2268
1219 2266
1162 2293
1225 2252
1166 2294
1170 2295
1174 2296
1178 2297
1183 2299
57 2309
1193 2282
1192 2301
1188 2271
1202 2304
