516 409
507 413
504 415
530 399
499 418
534 397
494 421
540 393
489 424
544 391
484 427
482 424
550 387
549 384
480 421
500 451
551 438
533 452
477 416
555 436
545 378
529 455
569 408
475 413
559 434
506 460
542 374
477 411
525 458
572 411
541 373
468 441
563 432
465 443
509 465
537 375
482 408
575 416
567 430
518 463
511 468
461 446
571 428
487 405
578 421
531 379
457 449
579 424
575 426
527 381
492 402
453 452
497 399
521 385
449 455
517 387
502 396
445 458
507 393
441 461
513 498
437 464
508 502
433 467
504 505
429 470
431 375
499 509
422 475
427 377
495 512
418 478
491 515
420 382
414 481
525 304
486 519
410 484
415 385
413 382
522 299
482 522
406 487
408 385
520 296
408 390
477 526
402 490
403 388
516 290
403 393
473 529
398 493
398 391
513 285
469 532
394 496
396 398
393 394
390 499
464 536
391 401
386 502
460 539
386 398
505 273
456 542
604 274
384 406
381 401
389 518
502 268
451 546
500 265
379 409
376 404
498 262
447 549
371 407
496 259
580 577
596 571
451 559
372 414
648 536
685 337
598 574
368 519
366 410
493 254
388 312
367 417
689 336
600 577
585 584
491 251
651 542
361 413
602 580
450 570
385 307
489 248
588 589
604 583
487 245
383 304
360 422
654 548
603 585
590 592
699 335
644 561
354 417
485 242
381 301
455 577
703 334
656 553
355 425
349 420
482 237
378 296
653 555
458 582
350 428
480 234
582 607
350 536
344 423
680 541
375 291
461 587
478 231
476 228
339 426
343 433
582 615
474 225
721 332
579 617
369 282
334 429
338 436
467 596
576 619
691 533
471 220
634 601
727 331
366 277
329 432
636 604
571 622
696 530
331 441
472 603
327 429
466 607
467 214
343 564
638 607
734 330
344 566
362 271
637 609
331 554
325 426
468 610
566 625
326 444
576 635
464 209
703 525
329 551
738 334
470 613
477 610
347 571
359 266
632 612
322 421
561 628
327 548
472 616
316 440
319 449
460 203
657 212
742 340
474 619
627 615
319 416
710 520
556 631
582 643
351 577
355 260
324 543
482 617
656 209
578 646
311 443
744 343
476 622
314 452
646 624
622 618
575 648
456 197
308 445
316 411
715 517
551 634
354 582
352 255
321 538
747 347
586 649
648 627
479 627
305 446
572 650
487 624
651 202
617 621
584 654
453 192
303 448
313 406
591 637
650 630
546 637
307 457
318 533
589 654
358 588
482 632
722 512
614 623
649 198
751 353
311 403
652 633
490 628
566 654
298 451
596 634
346 246
541 640
653 636
449 186
302 460
315 528
588 661
592 659
361 593
726 509
612 629
485 637
609 626
295 453
308 398
493 633
561 657
313 525
601 631
343 241
649 639
609 631
644 191
756 360
536 643
487 640
606 628
306 395
364 598
731 506
445 180
558 659
591 667
290 456
596 665
758 363
295 465
310 520
641 186
531 646
490 645
287 458
303 390
339 235
442 175
594 672
642 644
500 642
599 670
552 663
290 468
307 515
738 501
762 369
638 181
552 667
526 649
493 650
282 461
300 385
601 673
370 607
336 230
503 647
597 678
438 169
547 666
765 373
304 510
743 498
635 649
282 574
547 670
521 652
496 655
358 618
283 473
297 380
373 612
544 668
282 474
276 465
332 224
632 651
600 683
279 576
360 621
301 505
295 377
434 163
632 172
769 379
274 462
516 655
499 660
610 666
362 624
377 618
329 219
538 672
540 675
751 492
771 382
274 579
500 663
272 459
603 689
298 500
292 372
431 158
629 167
364 627
625 656
615 663
288 483
497 665
380 623
774 386
366 630
535 678
517 671
756 489
269 582
324 213
295 495
289 367
494 667
268 453
607 695
290 487
368 633
427 152
519 675
261 473
383 628
531 682
274 600
320 215
609 698
264 585
369 636
778 392
623 158
286 362
489 670
265 448
258 475
763 484
777 239
521 679
423 146
284 359
365 639
263 445
259 588
734 183
527 688
620 153
425 144
613 704
484 673
253 478
768 481
313 220
528 690
261 442
783 399
256 590
389 637
428 142
281 354
615 707
520 689
359 643
785 402
530 694
479 676
269 359
740 179
248 481
616 147
308 223
258 437
251 588
377 649
392 642
433 139
278 349
259 609
267 356
743 177
532 698
248 587
619 713
514 692
258 611
474 679
353 647
243 484
613 142
789 408
265 354
436 137
250 497
245 586
779 473
254 431
534 702
275 344
381 655
511 694
471 681
301 228
396 648
258 615
350 649
749 173
792 412
260 357
441 134
273 341
264 347
245 500
536 706
237 488
724 148
239 584
784 470
251 426
466 684
296 231
399 653
505 697
385 661
533 710
344 653
607 133
249 423
755 169
446 131
270 336
261 342
796 418
240 503
463 686
232 491
233 582
402 658
540 713
247 420
500 700
758 167
798 421
252 363
290 235
536 716
229 493
604 128
791 465
389 667
236 505
231 579
236 612
451 128
267 331
843 298
458 689
337 658
542 717
227 490
247 629
256 335
801 425
248 366
244 415
454 126
265 328
313 164
285 238
802 206
332 152
231 508
764 163
493 704
225 487
600 122
393 673
544 721
453 692
540 723
230 615
854 333
798 460
254 331
408 667
227 572
805 204
331 662
493 710
249 635
243 369
459 123
262 323
856 335
240 365
310 159
219 499
805 431
240 409
546 725
226 511
222 482
597 117
250 638
770 159
448 695
328 664
225 618
278 243
543 729
397 679
803 457
327 145
858 338
237 367
486 708
411 672
810 201
464 120
259 318
220 479
307 154
773 157
445 697
223 565
249 324
487 714
214 502
237 404
221 514
234 369
227 629
252 644
273 246
550 732
467 118
810 438
324 140
219 621
322 668
815 198
546 735
235 401
401 685
480 711
234 376
415 678
256 313
217 474
304 149
217 517
440 700
810 452
230 372
246 319
233 377
482 717
209 505
270 178
591 108
812 441
779 153
552 736
233 398
216 519
477 713
219 558
472 115
254 310
321 135
220 633
214 624
228 369
820 195
478 719
549 741
316 672
418 683
214 469
277 652
266 251
236 396
301 144
435 703
405 691
554 740
815 449
248 654
204 508
265 181
588 103
548 743
445 718
226 366
242 313
215 525
785 149
313 674
477 112
251 305
471 716
279 655
215 636
432 705
262 253
208 627
215 551
473 722
241 394
421 688
826 191
211 464
214 528
298 139
240 386
557 745
316 128
788 147
480 110
468 718
281 658
314 682
430 702
409 697
239 308
198 512
211 638
205 629
842 432
584 97
222 360
248 300
209 461
258 186
884 321
216 393
559 749
311 684
468 725
539 746
428 699
313 124
831 188
208 640
306 679
295 134
213 534
310 685
312 123
886 323
485 107
284 663
211 544
255 258
452 727
412 702
193 515
794 143
462 721
581 92
297 132
852 496
199 632
245 295
212 537
206 456
561 753
253 189
464 727
304 676
848 428
204 642
211 362
234 301
534 748
411 705
286 666
836 185
308 125
190 517
300 130
490 104
243 292
250 261
302 673
889 329
296 663
563 757
856 499
852 426
452 735
288 669
232 297
194 635
203 451
188 514
409 709
800 139
529 750
199 645
493 102
553 765
246 194
565 761
207 355
842 181
240 287
201 448
186 511
803 137
575 83
857 423
318 696
892 335
407 714
554 768
243 266
862 504
194 648
498 99
523 752
720 69
187 639
227 290
241 197
204 350
847 178
861 421
237 282
198 443
183 506
405 718
555 772
572 78
865 506
894 340
180 528
809 133
190 650
178 526
225 237
238 269
518 754
460 746
323 703
235 278
224 285
504 95
181 642
201 345
852 175
223 234
195 438
180 501
403 723
176 531
566 775
867 417
235 272
568 72
173 529
234 202
897 346
187 441
513 756
815 129
557 780
516 763
463 751
221 231
193 435
183 654
326 708
509 92
176 645
401 728
871 415
177 496
220 279
818 127
185 437
858 171
197 338
565 67
168 532
229 205
170 536
511 765
900 352
507 758
218 226
190 430
397 731
216 226
514 89
177 658
559 788
876 412
174 491
167 538
170 648
468 758
217 274
182 432
863 168
216 223
194 333
163 535
824 123
506 767
502 760
172 488
567 790
393 734
167 650
560 61
173 660
880 410
866 166
222 210
519 86
186 424
334 719
881 522
471 763
179 427
502 769
865 164
191 328
158 538
561 796
829 120
210 265
497 762
556 63
212 217
389 737
206 258
169 483
168 663
161 653
217 213
524 83
183 419
337 723
886 406
738 43
498 773
176 422
206 267
931 340
157 546
882 529
167 480
153 541
385 740
158 655
527 81
491 764
476 770
164 666
834 125
550 67
200 261
187 321
890 404
563 804
739 38
180 414
174 418
340 728
202 269
150 543
881 534
568 805
153 550
247 720
381 743
164 475
155 651
197 263
494 779
857 154
486 766
481 768
532 78
331 737
740 34
148 540
838 130
545 70
198 271
184 316
895 401
196 190
177 409
880 539
169 673
377 746
535 76
170 412
333 740
245 725
940 347
565 812
146 537
161 470
148 659
906 441
153 669
741 29
194 273
191 266
899 399
151 645
346 736
181 311
335 743
842 135
908 447
168 408
159 467
174 404
879 544
373 749
172 678
243 730
139 549
149 671
788 52
143 532
566 818
190 275
742 24
337 746
148 641
142 662
186 269
172 401
161 561
911 450
495 792
349 741
849 144
569 820
787 49
878 549
567 821
905 395
913 436
369 752
141 529
156 462
948 353
145 673
743 20
241 735
177 304
185 278
164 401
133 552
385 775
340 751
497 796
164 565
136 559
169 396
177 685
909 393
570 825
136 665
144 635
877 554
365 755
141 675
918 433
915 456
744 15
179 273
138 524
153 457
342 754
783 43
239 741
174 299
167 393
499 800
132 561
954 358
180 281
142 632
898 554
355 749
167 570
127 555
237 742
137 677
160 395
180 690
876 559
569 831
361 758
914 390
344 757
571 831
745 10
130 668
878 561
918 461
150 452
780 38
173 276
128 563
501 805
134 518
345 760
139 628
171 294
164 388
385 786
158 391
925 428
918 388
902 559
746 6
232 744
875 564
555 12
132 679
340 12
122 558
174 285
343 761
877 565
148 449
141 626
572 837
153 304
126 520
921 466
503 809
172 577
124 671
570 839
935 514
777 33
904 562
168 279
185 697
131 513
179 701
168 289
161 383
128 681
874 569
930 425
122 672
750 2
121 567
149 306
923 469
571 842
122 522
145 444
944 367
116 561
146 623
225 746
154 384
169 584
573 843
925 384
129 510
181 704
159 380
505 814
120 669
124 683
774 28
188 702
163 282
223 747
907 568
873 574
117 569
941 510
134 617
386 798
183 707
177 584
216 72
144 309
926 474
117 525
142 439
507 818
172 588
118 666
132 446
151 620
161 279
251 763
120 685
126 505
978 273
574 849
110 564
156 375
937 420
252 764
150 378
113 571
185 710
945 508
872 579
140 436
174 591
131 612
573 852
770 22
159 276
126 615
910 574
946 506
180 589
139 312
509 823
112 528
193 709
129 441
187 713
116 688
156 617
930 480
153 370
942 417
114 660
109 574
575 855
173 595
873 584
122 499
768 18
120 500
114 690
103 568
137 431
135 314
912 579
511 827
156 271
146 371
943 501
387 810
151 367
240 773
115 692
107 531
196 714
126 436
172 599
352 793
127 605
161 614
576 860
933 485
211 737
101 565
111 655
191 719
949 469
154 268
119 494
575 862
102 576
513 831
113 580
144 367
321 776
134 426
977 384
949 412
913 585
171 603
503 836
935 488
148 362
109 652
118 697
129 318
102 534
163 608
123 431
117 491
939 495
166 611
119 603
575 866
341 792
577 866
208 732
98 560
115 584
914 588
236 780
762 9
151 263
515 836
201 721
123 598
97 579
107 649
195 725
573 867
131 421
125 320
954 409
140 361
206 729
100 693
981 390
97 537
120 426
916 592
114 486
388 823
760 5
144 356
517 840
123 322
578 872
95 555
129 418
118 589
980 392
148 258
115 596
91 531
104 644
138 357
918 595
567 870
232 787
105 488
124 706
95 696
90 584
92 540
146 255
353 810
117 421
111 481
519 845
141 351
961 404
920 598
126 413
579 878
975 395
86 534
282 763
135 352
562 872
91 548
102 483
109 478
100 638
301 778
127 711
115 327
88 543
922 601
521 849
972 397
85 587
143 250
114 416
129 331
228 794
1000 387
84 531
138 346
389 835
966 401
123 408
88 701
580 884
98 635
924 604
132 347
1014 265
141 247
99 478
106 473
82 528
556 875
523 854
1003 390
110 330
121 405
111 411
132 336
926 607
135 341
104 324
104 470
83 704
95 630
581 890
78 592
224 801
984 426
388 843
525 858
138 242
133 720
96 473
79 523
1006 395
125 725
118 400
550 878
354 827
93 627
108 406
929 612
390 847
74 595
101 465
72 696
77 520
1008 398
568 896
127 728
527 863
73 596
135 237
91 624
136 725
93 468
931 615
101 337
220 808
115 395
69 698
105 401
64 659
129 731
74 710
133 234
529 867
971 125
933 618
74 515
1011 403
113 392
115 110
66 700
97 459
541 882
88 619
59 672
90 463
96 340
102 396
78 603
531 871
63 702
1004 418
95 456
69 713
216 815
130 229
133 737
391 859
111 112
71 510
537 884
55 674
63 601
110 387
142 734
937 624
967 105
79 618
1015 409
536 882
1006 421
84 613
135 740
86 457
533 876
99 391
81 608
355 845
92 451
59 603
106 115
68 505
57 706
126 223
137 743
107 382
145 739
940 629
212 822
84 453
1018 414
62 718
87 347
105 101
90 448
48 679
66 502
86 348
55 605
96 386
54 708
139 746
389 870
942 632
1020 417
101 118
219 830
504 892
47 596
123 218
104 377
387 871
57 721
141 749
220 832
51 607
45 646
87 443
43 682
505 895
80 447
63 497
93 381
208 829
102 374
1019 441
48 712
1023 422
96 121
43 643
946 638
120 213
388 878
46 610
569 927
507 900
52 725
84 438
92 357
90 107
77 442
356 862
60 492
41 640
90 376
570 928
44 715
99 369
34 681
227 837
214 840
1026 427
91 124
36 687
949 643
82 435
117 208
42 612
72 354
58 489
94 361
389 884
42 712
230 839
212 843
74 437
1028 430
201 838
87 371
37 634
38 614
68 356
86 127
40 709
31 690
79 430
210 846
1065 255
27 685
55 484
234 842
113 202
390 891
29 692
71 432
198 843
34 616
64 358
208 849
60 736
25 682
34 629
81 130
238 845
36 703
52 479
75 424
206 852
110 197
23 679
30 618
60 360
32 626
68 427
391 898
357 880
63 741
588 927
50 476
204 855
76 133
28 620
108 194
341 882
56 362
72 419
1047 516
67 110
20 674
339 883
202 858
245 850
64 421
72 136
47 471
392 905
70 416
190 854
105 189
52 364
200 861
77 212
1050 492
244 857
191 858
967 662
17 669
68 413
365 901
62 417
48 366
44 466
102 184
71 752
393 912
1055 459
196 867
11 713
185 861
14 664
42 463
65 408
44 368
15 629
78 145
58 411
971 669
99 179
607 926
74 757
394 918
41 370
11 659
39 458
62 403
97 176
366 913
192 873
10 632
81 150
596 960
55 406
180 868
1030 88
380 923
1056 576
60 400
1035 617
975 676
395 925
6 634
8 654
189 877
36 453
94 171
46 377
84 155
177 872
250 876
52 401
34 450
246 879
57 395
1108 374
48 381
82 768
5 649
374 929
396 932
979 683
367 925
185 883
174 877
49 396
90 165
88 161
31 445
247 885
26 380
307 893
626 925
1063 116
53 389
85 773
2 644
1114 370
304 885
982 689
397 939
251 888
3 325
181 889
22 382
252 889
28 440
605 978
1118 368
1088 507
247 893
69 788
26 437
981 695
18 384
398 946
166 888
177 895
637 930
1123 365
246 897
294 886
91 783
639 932
23 432
980 701
1127 363
1137 309
11 388
35 168
399 953
165 896
251 903
173 901
266 888
1040 661
645 924
976 704
20 427
95 790
1035 33
646 922
1141 313
6 391
640 941
18 424
1134 359
972 706
642 942
400 961
169 907
1107 149
58 808
1143 316
6 795
274 888
2 393
99 797
167 910
646 942
15 419
38 811
1145 319
0 395
1060 656
1140 355
647 940
964 706
401 969
165 914
252 919
246 920
102 802
1148 323
12 414
1144 353
368 971
244 921
147 868
167 919
10 411
104 806
1111 575
611 1015
1107 115
6 404
402 977
1149 350
2 60
149 914
1152 329
168 922
613 1016
1032 703
237 923
640 963
1153 348
1155 333
108 813
170 927
232 925
403 985
144 920
253 935
646 892
369 986
641 970
1151 431
172 932
644 891
1160 344
1159 339
1054 4
106 823
1106 628
112 820
173 935
404 992
652 973
1159 196
138 927
654 974
115 825
175 941
110 830
176 942
1182 284
548 1047
129 849
635 1018
405 1000
390 1002
117 829
613 1042
254 951
130 847
661 976
548 1050
1179 355
1180 244
1004 750
370 1002
388 1003
1050 720
113 836
372 1003
543 1051
178 949
1183 242
642 1019
1182 358
406 1008
638 1033
115 839
121 836
643 1017
1186 240
1150 565
539 1054
640 1035
174 956
614 1054
1189 238
648 1021
180 956
1186 364
123 941
642 998
535 1057
407 1016
642 1040
1192 236
193 945
1143 611
255 967
181 960
174 962
1188 367
616 1059
652 1029
1195 234
531 1060
182 963
197 947
175 965
1146 614
360 1020
644 1047
1191 372
358 1021
1177 461
408 1024
618 1065
183 967
177 970
147 829
1068 737
1150 620
646 1052
184 971
204 952
522 1062
1205 227
620 1071
1195 378
1152 623
409 1032
519 1063
151 824
256 983
179 977
1208 225
648 1057
1197 381
209 955
1182 506
622 1076
186 978
107 956
1160 622
413 1035
1211 223
1155 628
181 982
623 1079
534 1085
1200 386
187 982
1214 221
341 1023
1194 460
511 1065
3 881
417 1038
624 1082
370 1042
215 960
158 816
651 1066
1217 219
100 960
1159 634
652 1067
507 1066
532 1091
335 1024
421 1041
1204 392
189 989
183 991
1161 637
1221 216
626 1088
1201 456
257 999
371 1049
502 1068
1198 481
505 1077
190 993
1224 214
184 995
530 1097
93 964
1207 397
628 1093
330 1033
1164 642
1206 453
191 996
1227 212
617 1098
428 1046
1209 400
372 1056
629 1096
186 1000
324 1025
656 1080
1230 210
192 1000
528 1104
217 977
1211 403
1211 450
432 1049
86 968
1168 648
322 1034
1233 208
319 1026
24 908
193 1004
578 1112
631 1102
658 1085
373 1063
526 1108
1215 448
1170 651
218 982
258 1015
491 1080
1236 206
1214 408
188 1009
490 1081
674 1081
524 1112
1215 508
79 972
1239 204
315 1035
439 1054
251 1020
189 1012
483 1070
633 1108
226 985
195 1011
1173 656
491 1085
1241 203
374 1070
259 1021
309 1027
1222 444
661 1094
248 1022
1218 414
522 1117
443 1057
196 1015
478 1071
492 1089
635 1113
1244 206
1058 804
308 1036
1066 799
227 991
219 993
1225 442
72 976
1220 417
305 1028
260 1027
191 1020
1177 662
375 1077
1063 804
520 1121
636 1116
663 1099
493 1093
1227 130
220 997
473 1069
70 973
449 1059
1062 808
486 1095
241 1026
637 1119
198 1022
1247 212
192 1024
526 1127
1228 437
1223 422
518 1125
228 998
261 1033
300 1037
1180 667
262 1034
376 1084
468 1067
484 1099
199 1026
454 1061
1230 434
193 1028
67 968
1225 425
1182 670
523 1132
639 1125
1065 814
294 1029
666 1108
516 1130
1234 123
681 1101
1250 218
229 1004
1229 431
234 1030
221 1007
293 1038
455 1069
463 1065
1184 673
482 1104
459 1063
682 1104
1067 817
195 1033
233 1028
269 1033
377 1091
514 1134
201 1033
289 1030
1097 798
641 1130
222 1010
668 1113
481 1107
63 961
520 1138
683 1107
230 1010
1253 224
1210 654
642 1133
369 1096
1187 678
512 1138
202 1037
1070 823
479 1111
285 1039
276 1032
367 1097
378 1098
596 1147
685 1112
511 1141
197 1042
1256 230
59 954
1040 824
644 1139
686 1115
381 1100
671 1122
1073 828
1191 684
477 1116
515 1147
509 1145
53 998
225 1044
687 1118
208 1044
476 1119
1193 687
513 1150
673 1127
1259 236
1036 829
646 1145
688 1121
507 1149
387 1103
1076 833
474 1123
354 1099
689 1124
204 1052
46 1002
1078 836
1196 692
44 1001
648 1150
1262 493
510 1156
505 1154
690 1127
31 960
1262 242
201 1054
350 1100
393 1106
1036 837
1198 695
472 1128
649 1153
676 1136
1037 838
503 1158
477 1132
1270 440
40 1005
471 1131
692 1132
650 1156
1265 247
1039 835
1083 843
195 1057
347 1110
397 1112
399 1109
678 1141
1202 701
501 1163
469 1135
474 1138
499 1164
34 1009
694 1138
652 1162
1294 180
1268 253
33 1010
1087 848
190 1060
1261 611
404 1112
337 1102
467 1140
1205 706
338 1111
1040 851
511 1173
654 1167
471 1144
493 1164
681 1150
1264 614
696 1144
466 1143
1090 852
333 1103
1207 709
596 1182
465 1144
1271 259
184 1063
410 1115
655 1170
37 1017
470 1148
594 1183
1209 712
683 1155
694 1151
1267 619
411 1120
698 1150
512 1181
1094 857
329 1112
516 1180
179 1066
1274 265
474 1151
657 1176
40 1022
416 1118
458 1140
1212 717
415 1122
700 1155
488 1180
519 1185
1098 862
482 1156
42 1026
320 1105
1271 626
480 1158
454 1138
686 1164
173 1069
419 1124
701 1158
1277 271
659 1182
320 1113
1283 609
423 1122
1216 723
316 1106
1101 866
702 1161
450 1136
45 1031
485 1186
661 1186
173 1078
688 1169
168 1072
1218 726
524 1192
1275 633
1280 277
172 1080
426 1128
1268 33
446 1134
1103 871
47 1035
429 1125
311 1114
164 1074
1302 558
482 1191
1221 731
527 1197
49 1039
666 1193
1283 283
173 1087
431 1131
441 1131
691 1178
50 1040
1279 640
304 1108
1223 734
1105 878
435 1128
1297 615
707 1174
479 1197
157 1078
302 1115
669 1198
693 1183
175 1093
532 1204
1107 883
671 1199
1227 740
57 1036
1283 647
296 1109
176 1096
297 1116
1282 293
151 1081
694 1188
475 1204
178 1097
55 1050
293 1110
1290 647
535 1209
1265 712
61 1034
293 1117
1109 890
1230 745
523 1217
57 1054
146 1084
1287 654
1309 627
472 1210
1232 748
576 1223
690 1194
1110 894
288 1118
185 1099
66 1031
1281 303
285 1111
574 1224
691 1197
59 1058
527 1222
540 1216
1111 898
688 1198
165 1109
284 1119
282 1112
140 1087
70 1029
1274 706
190 1101
1291 661
61 1062
1236 754
530 1226
468 1217
1319 627
568 1227
543 1221
279 1120
74 1027
1278 704
157 1112
63 1066
1280 313
1322 628
1239 759
133 1091
197 1103
1322 60
275 1121
465 1223
1295 668
1337 92
79 1024
65 1070
161 1120
1241 762
270 1114
560 1230
548 1228
271 1122
202 1105
1270 742
1312 310
159 1123
463 1228
127 1094
83 1022
1243 765
1112 914
1279 322
1287 698
724 1206
452 1224
1299 675
266 1123
157 1126
1370 172
551 1233
149 1123
463 1232
69 1077
554 1233
87 1020
262 1115
1291 696
204 1116
1113 919
122 1097
209 1107
1246 770
669 1240
91 1024
155 1129
262 1124
1281 744
71 1081
258 1116
146 1128
94 1022
92 1017
445 1220
1278 332
1303 682
214 1109
670 1245
257 1125
116 1100
152 1134
73 1085
1250 776
97 1020
557 1251
211 1121
96 1015
252 1117
150 1137
1300 690
1305 687
440 1217
253 1126
633 1260
1252 779
112 1102
100 1018
671 1251
75 1089
141 1135
221 1111
100 1013
148 1140
216 1124
109 1104
468 1248
103 1016
1277 342
474 1245
436 1215
248 1127
246 1118
1255 784
78 1094
672 1257
244 1119
226 1113
105 1010
432 1213
137 1141
244 1128
477 1249
630 1270
1257 787
108 1013
103 1107
80 1098
222 1129
143 1148
701 1251
673 1263
109 1008
240 1129
238 1117
631 1274
1339 677
100 1109
233 1115
134 1146
1269 785
712 1246
82 1102
141 1151
700 1255
1261 793
425 1209
114 1009
113 1006
674 1269
604 1284
84 1106
111 1135
1123 949
699 1259
94 1112
718 1248
632 1282
485 1259
1264 798
420 1206
137 1157
85 1109
129 1153
118 1003
1198 906
120 1005
606 1288
698 1263
675 1275
1125 954
633 1286
136 1160
1266 801
89 1115
416 1204
128 1157
536 1273
122 1001
724 1251
115 1142
697 1267
456 1273
26 1128
608 1293
1268 804
676 1280
113 1146
634 1292
1202 913
122 1148
117 1145
126 999
141 1164
696 1271
531 1276
128 1000
1412 147
206 1146
610 1298
1271 809
123 1164
677 1286
528 1278
695 1275
145 1167
495 1271
635 1298
128 1170
481 1282
612 1303
525 1280
694 1279
120 1169
678 1292
149 1170
697 1281
498 1275
1275 815
402 1252
201 1154
636 1304
423 1276
1360 701
124 1176
614 1308
1277 818
1380 336
1394 636
637 1307
693 1285
153 1173
117 1174
519 1284
679 1298
1394 644
198 1158
122 1179
151 1178
1357 712
616 1312
641 1310
155 1176
102 1163
1401 630
55 1149
417 1280
1280 823
156 1169
120 1182
680 1304
692 1292
513 1288
194 1163
506 1285
618 1317
414 1282
1361 716
1282 826
696 1295
147 1184
111 1183
184 1137
1407 633
188 1130
162 1181
160 1163
116 1188
681 1310
639 1320
1408 631
96 1170
1364 720
195 1171
145 1188
1441 256
691 1299
695 1300
375 1224
165 1183
1286 832
1432 109
375 1237
108 1188
640 1324
1407 627
1445 149
412 1293
179 1142
145 1193
198 1178
113 1193
187 1171
1367 724
682 1316
164 1157
526 1315
169 1186
141 1194
371 1239
1289 837
143 1196
90 1177
1434 93
1405 622
166 1154
195 1182
1429 76
184 1175
1370 728
111 1198
683 1321
39 1170
1355 388
175 1147
104 1195
1291 840
42 1171
24 1171
139 1198
173 1189
170 1194
192 1186
1403 617
365 1243
140 1202
1391 367
109 1203
531 1322
44 1175
137 1202
684 1327
102 1200
642 1337
179 1181
84 1184
1375 735
1295 846
33 1179
189 1190
1208 970
361 1246
1401 612
166 1200
46 1179
400 1304
643 1341
135 1206
107 1208
534 1327
137 1208
100 1205
685 1333
1378 739
82 1189
1298 851
164 1204
48 1183
133 1210
1399 607
1474 205
105 1213
135 1213
98 1210
365 1253
1435 40
1300 854
686 1339
1381 743
1430 666
538 1333
80 1194
50 1187
131 1214
1407 601
1397 602
96 1214
103 1218
1302 857
160 1210
1383 746
367 1257
480 1337
132 1219
645 1354
52 1191
129 1218
78 1199
687 1345
541 1338
695 1334
1395 597
158 1214
94 1219
1386 750
101 1223
1305 862
646 1358
127 1222
1438 676
54 1196
76 1204
1183 1011
1351 424
688 1351
1393 592
1389 754
99 1228
696 1342
71 1205
125 1226
546 1345
128 1228
56 1200
154 1221
1309 868
74 1210
689 1357
70 1209
1391 587
1392 758
90 1229
548 1349
1177 1016
690 1358
1187 1018
58 1204
123 1231
1311 871
1471 79
387 1331
1442 694
69 1212
152 1227
126 1235
648 1371
72 1215
97 1237
697 1351
694 1356
1389 582
60 1208
88 1234
1349 849
20 1213
1172 1020
1314 876
1190 1024
96 1240
125 1239
1397 765
553 1356
1171 1023
70 1220
150 1233
1351 852
67 1219
62 1212
1387 577
120 1240
380 1335
1316 879
86 1239
66 1220
56 1217
692 1370
1192 1029
123 1244
1400 769
1353 855
65 1218
650 1381
1173 1027
24 1220
556 1361
68 1225
148 1238
696 1372
94 1248
118 1245
1385 572
84 1244
667 1380
375 1338
68 1227
1364 445
693 1375
1355 859
1320 885
1175 1031
1356 860
1195 1035
1461 366
93 1252
27 1225
698 1377
146 1244
1383 567
82 1249
560 1367
1405 776
116 1251
370 1341
81 1250
1177 1035
158 1250
694 1381
1323 890
92 1256
1404 778
1438 743
120 1255
29 1229
1359 865
72 1234
115 1254
1198 1041
157 1253
562 1371
79 1247
1381 562
652 1394
1325 893
91 1260
1179 1040
1343 882
144 1251
366 1336
695 1386
700 1385
74 1238
32 1234
1327 896
77 1243
1366 459
653 1398
1200 1046
118 1262
1379 557
114 1261
565 1376
143 1255
1181 1044
705 1387
363 1332
155 1261
702 1390
696 1392
34 1238
142 1259
567 1380
1330 901
1183 1048
1377 552
117 1268
360 1328
113 1268
707 1393
697 1397
141 1263
419 1388
37 1243
354 1351
1423 436
90 1274
570 1385
153 1269
1375 547
704 1398
1410 540
1334 907
655 1411
310 1297
1202 1059
140 1267
709 1398
39 1247
698 1403
89 1278
112 1276
349 1354
572 1389
1336 910
1373 542
706 1403
656 1415
139 1271
711 1402
151 1277
699 1408
42 1252
314 1303
1406 461
344 1357
1203 1067
138 1275
89 1285
1339 915
1371 537
111 1283
713 1407
576 1396
91 1286
44 1256
1423 454
316 1307
1341 918
137 1279
700 1414
116 1288
339 1360
1202 1073
1369 532
149 1285
715 1412
441 1412
116 1291
579 1401
711 1415
47 1261
658 1428
110 1291
432 1413
98 1288
118 1292
701 1420
109 1292
1201 1078
1345 924
1367 527
334 1363
717 1416
148 1291
581 1405
1249 1055
1445 449
659 1432
49 1265
429 1415
1244 1060
714 1421
331 1365
702 1425
719 1420
1365 522
426 1417
583 1409
114 1300
1433 815
1200 1084
1348 930
126 1294
52 1270
126 1297
328 1361
136 1296
721 1424
301 1325
585 1413
703 1431
88 1306
717 1427
135 1297
340 1386
1363 517
130 1295
1360 510
54 1274
420 1421
81 1308
325 1357
1196 1091
1350 937
587 1417
661 1445
1366 928
704 1436
79 1309
725 1430
56 1278
720 1433
1194 1095
415 1424
322 1353
662 1449
589 1421
1352 942
326 1386
727 1434
308 1334
705 1442
412 1426
1192 1099
58 1285
319 1349
348 1397
591 1426
1354 947
409 1428
68 1310
706 1447
1190 1103
320 1390
726 1442
731 1440
66 1311
316 1345
593 1430
351 1402
147 1320
65 1309
60 1292
317 1392
728 1445
404 1431
1268 1079
1188 1107
664 1462
1356 954
707 1453
733 1444
147 1323
595 1434
1269 1082
314 1394
664 1465
1357 957
1186 1111
663 1466
550 1455
736 1448
1270 1085
62 1299
708 1459
732 1451
356 1409
597 1439
398 1435
311 1390
709 1460
1359 962
1184 1115
486 1457
658 1465
309 1399
734 1454
395 1437
739 1452
599 1443
1462 840
485 1460
288 1357
359 1414
735 1457
1182 1119
1361 967
653 1464
307 1384
149 1337
422 1461
733 1458
482 1462
601 1447
742 1456
1396 947
1274 1095
390 1440
1451 854
1427 864
744 1459
648 1463
1397 951
424 1465
721 1459
387 1442
712 1472
304 1380
603 1451
1180 1126
301 1406
1363 974
522 1473
300 1407
476 1465
1398 954
150 1345
384 1444
111 1350
1430 871
605 1455
113 1351
1179 1131
473 1467
642 1462
296 1368
367 1425
1399 958
1365 979
713 1479
381 1446
1247 1125
300 1374
351 1435
301 1414
109 1355
1400 961
1178 1136
151 1352
637 1461
1433 878
708 1485
370 1430
1367 984
378 1442
108 1358
467 1470
293 1416
1401 965
347 1438
1287 1107
1252 1131
714 1487
107 1361
743 1478
632 1460
253 1364
281 1400
1402 968
152 1359
618 1457
462 1473
1436 885
1369 991
1403 972
105 1366
627 1459
622 1458
741 1484
309 1425
715 1495
1437 889
1404 975
1258 1138
630 1488
1371 996
456 1476
272 1398
740 1487
402 1486
246 1372
1405 979
103 1372
60 1371
78 1376
1438 895
1373 1001
102 1375
140 1372
451 1479
574 1496
267 1401
716 1503
305 1436
738 1493
1263 1144
1300 1119
243 1376
774 1473
1439 898
406 1493
1200 1165
357 1460
107 1381
777 1474
100 1381
138 1378
240 1380
83 1383
1375 1008
445 1482
736 1499
780 1475
1307 1120
717 1511
106 1385
260 1406
353 1463
1269 1151
137 1382
735 1502
1309 1121
442 1484
719 1512
410 1500
1376 1012
85 1387
98 1386
105 1388
411 1501
738 1505
526 1515
785 1477
1441 910
789 1467
1313 1122
255 1409
314 1447
506 1516
348 1467
737 1508
1200 1177
135 1388
733 1508
104 1393
436 1487
1411 1000
1274 1157
96 1392
233 1390
316 1450
1317 1123
1377 1020
90 1394
791 1479
736 1512
418 1497
134 1392
596 1511
1412 1004
14 1375
343 1471
231 1393
1205 1181
48 1394
1378 1024
431 1490
248 1414
1322 1125
94 1398
1443 920
1413 1008
796 1481
1279 1163
102 1402
423 1494
1414 1009
670 1539
340 1467
228 1397
132 1398
740 1519
714 1532
322 1458
1210 1185
243 1417
226 1400
131 1402
802 1483
633 1538
36 1399
337 1463
742 1523
1387 1031
710 1538
1331 1127
727 1534
1214 1188
101 1410
224 1403
319 1467
142 1408
1445 932
1334 1128
744 1527
1380 1038
1425 1008
129 1408
236 1422
321 1470
728 1539
738 1533
391 1529
221 1407
26 1402
1414 1025
1219 1192
105 1416
128 1412
334 1493
611 1538
219 1410
749 1531
231 1425
729 1544
1342 1130
1223 1195
107 1420
742 1539
217 1413
1447 942
1344 1131
1381 1048
730 1548
126 1418
753 1534
1278 1186
1432 1022
1382 1051
327 1498
745 1543
214 1417
1228 1199
125 1422
224 1430
1349 1129
1462 944
731 1553
111 1427
137 1427
212 1420
1352 1128
42 1427
323 1501
1232 1202
552 1558
732 1558
219 1433
136 1430
749 1549
123 1428
210 1423
1449 954
1383 1061
1357 1126
319 1504
115 1433
733 1562
1420 1048
122 1432
1237 1206
752 1553
838 1471
1384 1064
207 1427
1268 1198
117 1437
1362 1124
212 1438
734 1567
205 1430
1451 964
1365 1123
312 1509
1262 1199
1244 1204
756 1559
203 1433
208 1441
735 1572
207 1442
1259 1200
1248 1203
308 1512
1385 1075
1370 1121
755 1564
1373 1120
1477 967
304 1515
309 1522
754 1569
1453 976
742 1578
411 1573
852 1484
1378 1118
130 1455
214 1451
753 1574
766 1572
1444 1062
748 1576
854 1489
297 1520
1393 1088
1384 1116
217 1456
1340 1201
134 1461
768 1576
1455 986
1385 1114
293 1523
856 1494
1341 1204
580 1591
136 1465
577 1593
1386 1159
1358 1195
1342 1207
771 1581
871 1478
289 1526
858 1499
298 1539
1361 1197
223 1464
656 1613
1389 1101
773 1585
140 1471
1457 998
1363 1202
775 1589
226 1469
774 1590
282 1531
142 1475
464 1605
302 1546
1365 1207
278 1534
776 1595
886 1478
1364 1209
550 1614
1459 1008
585 1610
146 1481
1362 1209
1374 1206
306 1553
890 1476
494 1617
12 1481
274 1537
1396 1184
754 1613
148 1485
1397 1186
234 1480
779 1604
271 1533
1370 1217
895 1474
735 1625
1461 1018
310 1560
758 1619
152 1492
781 1609
900 1472
153 1493
239 1487
781 1611
737 1630
760 1623
1372 1224
313 1565
93 1507
266 1526
169 1485
738 1633
25 1502
903 1468
157 1491
242 1491
1463 1028
315 1569
1374 1229
763 1628
739 1636
750 1634
572 1635
161 1489
776 1618
262 1520
1446 1120
245 1496
765 1632
907 1462
1376 1234
1448 1121
766 1633
741 1642
319 1576
753 1640
259 1516
773 1623
117 1519
466 1642
1465 1038
246 1535
910 1457
769 1629
519 1648
1378 1241
1386 1238
743 1648
322 1581
255 1510
744 1651
324 1585
1387 1243
1467 1048
1380 1249
746 1657
68 1535
1388 1248
492 1658
318 1596
747 1660
328 1592
1469 1122
936 1479
1389 1253
1468 1056
1470 1121
1382 1257
678 1676
117 1539
1473 1125
1469 1059
321 1601
749 1665
331 1597
940 1482
935 1453
1390 1258
942 1471
937 1453
750 1668
333 1601
466 1669
246 1588
1384 1265
324 1607
1391 1264
1392 1265
1384 1268
752 1674
326 1610
1382 1269
753 1677
337 1608
1380 1268
1397 1264
1475 1154
1398 1262
1477 1156
329 1616
1470 1100
1394 1274
1380 1276
1386 1277
755 1683
955 1452
331 1619
1399 1275
341 1615
466 1685
546 1690
463 1687
757 1689
935 1428
344 1620
334 1625
935 1427
1435 1250
228 1602
758 1692
933 1427
1387 1288
937 1426
336 1628
168 1562
346 1624
457 1690
544 1699
539 1700
760 1698
454 1692
1388 1294
62 1579
975 1466
233 1609
1395 1294
339 1634
560 1704
761 1701
974 1451
350 1631
235 1613
729 1712
448 1695
763 1705
342 1639
704 1719
353 1636
177 1578
443 1698
472 1712
70 1590
769 1701
240 1620
355 1640
174 1580
346 1646
171 1582
773 1699
242 1624
437 1701
471 1719
992 1450
196 1608
1396 1314
359 1647
349 1652
75 1597
778 1696
999 1465
432 1704
165 1586
351 1655
470 1726
78 1601
190 1612
362 1652
248 1633
783 1693
194 1622
426 1707
187 1614
1006 1464
159 1590
364 1656
354 1661
81 1606
469 1733
580 1735
1413 1322
787 1691
1407 1324
251 1638
22 1609
156 1592
356 1664
1388 1331
421 1710
189 1626
1400 1328
181 1618
1386 1332
1011 1449
468 1740
368 1663
435 1731
1385 1330
793 1687
255 1644
185 1629
1388 1337
359 1670
150 1596
87 1614
415 1713
465 1742
1383 1338
437 1735
175 1622
797 1685
258 1649
1387 1343
372 1670
362 1675
180 1633
145 1599
90 1619
410 1716
424 1734
171 1625
801 1682
1026 1463
465 1751
81 1627
1437 1330
1401 1342
142 1601
261 1654
375 1675
689 1768
430 1744
175 1637
678 1769
1386 1350
139 1603
404 1719
366 1682
1029 1448
813 1696
165 1629
1033 1462
377 1679
789 1751
401 1721
460 1758
809 1676
170 1641
98 1630
1385 1357
434 1751
369 1688
133 1607
399 1718
458 1761
791 1755
267 1663
159 1633
436 1754
381 1686
665 1782
165 1645
793 1759
156 1635
372 1693
133 1617
1384 1364
452 1759
270 1668
1045 1461
127 1611
105 1625
1402 1361
395 1711
818 1669
384 1691
795 1763
823 1676
449 1758
1047 1463
1383 1368
124 1613
454 1772
273 1673
110 1622
149 1640
376 1700
386 1695
797 1767
384 1728
823 1665
1382 1373
391 1704
119 1616
59 1659
155 1653
799 1771
735 1789
1056 1451
613 1794
1381 1378
143 1644
378 1731
151 1656
801 1775
829 1660
671 1801
279 1682
1438 1370
140 1646
1380 1383
741 1796
832 1658
668 1803
803 1779
1479 1266
372 1734
742 1798
282 1687
850 1700
1379 1388
568 1797
134 1650
805 1783
725 1798
852 1702
662 1806
367 1737
838 1653
141 1664
1378 1393
286 1693
1049 1490
742 1806
807 1788
98 1673
1376 1394
841 1651
1386 1397
595 1810
1374 1394
1077 1450
656 1809
854 1709
361 1740
418 1792
809 1792
1376 1399
73 1684
1373 1392
289 1698
587 1813
1049 1497
1373 1390
1371 1399
715 1807
847 1646
811 1796
1047 1498
650 1812
355 1743
1374 1404
856 1716
131 1672
741 1817
292 1703
850 1644
813 1800
857 1720
1090 1466
1372 1409
436 1809
648 1820
578 1821
349 1746
470 1818
415 1805
815 1804
1403 1409
859 1725
856 1639
438 1813
346 1748
1066 1507
1370 1414
1379 1416
1403 1412
740 1828
705 1816
298 1712
817 1808
642 1823
1379 1418
1401 1413
859 1637
582 1828
869 1725
1073 1508
1380 1419
440 1817
1099 1449
1439 1410
1368 1419
819 1812
340 1751
1100 1447
1441 1411
301 1717
438 1821
861 1733
1100 1444
585 1833
635 1827
106 1703
358 1784
821 1816
865 1632
1366 1424
739 1838
701 1828
863 1738
304 1722
334 1754
1109 1461
1447 1414
496 1838
587 1837
868 1630
695 1825
108 1707
823 1820
1088 1511
442 1828
1364 1428
629 1830
493 1840
278 1740
589 1841
1452 1416
110 1711
825 1824
1480 1316
444 1832
590 1842
874 1741
652 1853
327 1758
1115 1443
738 1849
874 1625
875 1744
488 1843
281 1745
1081 1526
1357 1432
112 1715
310 1731
827 1828
374 1816
446 1836
866 1749
691 1835
1029 1530
325 1755
622 1834
1458 1419
877 1623
876 1747
621 1832
597 1838
1113 1501
685 1834
654 1860
323 1752
448 1840
1027 1534
114 1720
877 1750
1455 1429
655 1861
313 1736
830 1833
1463 1421
481 1847
868 1756
1350 1436
1026 1537
601 1836
1378 1448
286 1753
737 1860
878 1754
883 1618
1349 1434
320 1747
627 1854
316 1741
1360 1448
288 1756
1024 1541
605 1834
886 1616
1469 1424
1132 1442
870 1762
835 1840
1346 1442
1480 1335
1358 1451
880 1760
1377 1455
344 1813
430 1855
1132 1492
675 1843
291 1761
661 1872
1022 1546
890 1613
1356 1454
838 1845
1020 1547
890 1611
736 1871
1475 1427
379 1843
872 1769
432 1859
882 1766
1476 1425
1376 1462
482 1868
32 1745
294 1766
806 1862
49 1749
732 1874
888 1606
668 1876
883 1770
434 1863
295 1769
129 1737
911 1628
874 1776
383 1850
1375 1469
886 1602
1393 1468
427 1868
436 1867
844 1854
1350 1465
305 1789
1150 1441
437 1868
885 1776
1008 1549
726 1878
875 1780
385 1854
474 1875
1394 1471
670 1885
675 1880
133 1742
302 1790
76 1759
752 1886
675 1884
1479 1357
441 1866
847 1859
123 1751
672 1888
470 1876
877 1785
469 1874
887 1782
1396 1476
51 1763
388 1859
298 1792
720 1882
1339 1470
286 1780
445 1864
598 1888
674 1892
888 1785
682 1884
998 1551
878 1790
717 1884
390 1863
679 1890
294 1794
464 1873
521 1893
464 1878
468 1884
852 1866
449 1862
889 1789
1374 1485
133 1756
283 1776
1363 1480
879 1793
1398 1483
462 1870
996 1560
290 1796
460 1880
1116 1562
1167 1440
944 1656
678 1898
682 1895
453 1860
689 1888
393 1869
1397 1487
711 1888
946 1656
855 1871
881 1798
891 1795
461 1888
286 1798
597 1900
279 1770
344 1860
502 1902
680 1902
281 1792
818 1890
948 1659
1119 1567
1396 1491
986 1553
915 1586
686 1901
341 1862
282 1800
608 1900
819 1893
705 1892
276 1766
696 1892
397 1876
893 1801
1395 1495
982 1554
820 1895
1478 1380
107 1779
454 1892
275 1795
338 1864
883 1807
1384 1497
917 1580
278 1802
122 1777
861 1880
611 1904
689 1906
894 1805
821 1898
399 1880
1124 1574
1391 1498
977 1555
272 1797
686 1911
147 1770
600 1912
272 1760
1184 1439
274 1804
691 1909
885 1812
12 1786
333 1867
919 1575
510 1916
1067 1601
864 1885
674 1921
402 1885
688 1915
896 1811
710 1912
1127 1579
618 1902
149 1774
693 1912
523 1919
330 1869
269 1756
939 1592
270 1806
266 1800
451 1905
887 1817
897 1814
404 1889
922 1569
622 1901
1191 1488
151 1778
263 1802
266 1808
722 1924
704 1915
325 1872
692 1921
869 1892
1429 1510
889 1822
1163 1557
673 1930
1132 1586
406 1893
265 1750
445 1908
153 1782
719 1926
899 1821
262 1810
1097 1606
924 1563
696 1919
260 1750
629 1899
1438 1513
257 1805
68 1806
891 1827
872 1897
696 1926
485 1930
262 1746
698 1924
135 1795
155 1786
319 1876
1166 1562
1135 1591
935 1566
409 1898
1070 1617
1202 1438
258 1812
714 1929
254 1807
1015 1615
971 1622
257 1813
256 1747
901 1827
938 1565
157 1789
672 1939
927 1557
1168 1565
893 1832
671 1940
411 1902
723 1938
958 1588
902 1830
314 1879
934 1558
876 1903
700 1932
447 1925
258 1740
251 1747
259 1818
1476 1514
248 1810
413 1906
311 1881
1171 1570
977 1617
895 1837
702 1935
260 1821
164 1785
927 1549
833 1928
247 1749
666 1934
904 1837
154 1802
441 1928
261 1824
243 1813
148 1806
704 1939
883 1899
120 1815
742 1949
416 1911
1398 1535
486 1946
306 1884
1174 1575
897 1842
1197 1545
168 1783
243 1751
438 1930
1219 1437
156 1806
1293 1511
835 1934
243 1821
1176 1578
263 1829
418 1915
1222 1481
172 1781
661 1928
834 1936
1279 1501
899 1847
301 1887
236 1817
158 1810
911 1843
890 1895
1222 1499
432 1933
420 1919
9 1827
236 1755
298 1889
176 1779
710 1948
265 1835
913 1846
627 1949
829 1939
236 1825
160 1814
1469 1536
429 1935
750 1960
266 1838
1470 1538
629 1952
712 1952
423 1924
917 1848
229 1821
897 1891
427 1932
1204 1563
292 1893
162 1819
824 1942
229 1759
183 1775
655 1964
268 1843
229 1829
1220 1541
632 1956
1236 1436
290 1890
902 1888
164 1823
223 1824
104 1841
115 1839
187 1773
269 1846
923 1853
1309 1545
819 1945
224 1762
635 1960
285 1898
270 1849
718 1961
906 1886
166 1827
287 1885
191 1771
733 1976
222 1833
218 1827
220 1764
637 1963
733 1977
814 1948
1309 1552
720 1965
288 1910
710 1971
731 1978
168 1831
929 1858
272 1854
1219 1562
195 1769
82 1853
214 1759
1413 1565
902 1934
1470 1556
268 1857
729 1979
54 1855
1273 1534
913 1882
283 1878
809 1951
216 1837
276 1902
211 1831
738 1983
170 1836
213 1768
727 1976
274 1860
917 1924
208 1762
1226 1569
212 1839
202 1765
274 1907
918 1879
206 1772
172 1840
275 1863
287 1920
804 1954
1317 1559
1227 1571
272 1865
741 1988
450 1981
270 1905
932 1871
279 1871
205 1834
922 1877
174 1844
207 1842
743 1991
929 1873
799 1957
1304 1568
74 1869
200 1837
291 1927
264 1908
203 1844
176 1849
1325 1566
177 1850
950 1860
948 1868
794 1960
1469 1576
262 1912
293 1931
954 1861
752 1985
193 1841
258 1914
295 1935
196 1848
460 1993
789 1963
255 1912
413 1983
137 1872
184 1846
1236 1588
756 1983
878 1980
1333 1573
297 1939
133 1876
253 1916
410 1985
463 1997
759 1998
1273 1571
784 1966
880 1983
249 1915
745 2013
1272 1574
407 1987
963 1855
781 1968
300 1944
762 1979
965 1856
416 1995
677 2019
882 1986
246 1919
187 1867
1270 1579
113 1890
884 1989
243 1918
302 1948
766 1977
968 1852
675 2023
294 1952
1468 1597
776 1971
749 2019
401 1991
241 1919
1237 1603
471 2007
886 1992
189 1871
304 1952
1268 1584
291 1954
673 2027
751 2023
973 1849
237 1918
190 1874
395 1995
306 1956
1266 1589
890 1998
671 2032
286 1957
979 1851
192 1878
232 1921
978 1846
1412 1619
308 1960
755 2030
390 1998
1478 1610
669 2036
1264 1594
194 1882
228 1923
479 2017
1238 1617
893 2003
303 1966
757 2033
1470 1614
279 1961
984 1842
311 1965
667 2040
1327 1611
196 1886
224 1925
1262 1599
1467 1617
154 1903
384 2002
759 2037
391 2011
897 2009
306 1972
1261 1602
988 1840
313 1969
994 1865
458 2035
1229 1627
198 1891
1320 1619
1259 1603
160 1906
989 1838
219 1928
272 1965
661 2044
308 1975
762 2042
942 1989
455 2037
315 1973
378 2006
487 2027
215 1926
200 1895
1239 1631
658 2046
901 2015
987 1834
215 1930
214 1924
452 2039
87 1926
317 1977
1252 1605
765 2047
311 1981
202 1899
373 2009
265 1969
985 1830
211 1932
654 2049
946 1996
319 1981
447 2042
905 2021
209 1934
767 2051
211 1918
370 2011
1002 1835
204 1903
1230 1641
983 1826
460 2050
314 1987
495 2037
367 2013
1466 1638
648 2053
258 1973
322 1986
442 2045
908 2026
950 2003
981 1822
206 1908
994 1820
208 1912
1240 1646
213 1941
771 2058
317 1992
1009 1831
910 2029
1242 1647
644 2056
996 1818
324 1990
493 2046
361 2017
752 2068
1020 1859
215 1945
751 2069
251 1977
1013 1829
440 2055
254 1983
954 2010
326 1994
320 1998
775 2065
1002 1815
914 2035
503 2047
638 2060
356 2020
1017 1827
1024 1863
328 1998
39 1951
249 1986
744 2068
353 2022
219 1952
244 1981
432 2057
634 2063
958 2017
1021 1825
1027 1867
1008 1812
330 2002
324 2005
779 2071
435 2064
918 2041
245 1988
936 2033
350 2024
1465 1658
221 1956
198 1957
1025 1823
1271 1652
429 2053
781 2075
769 2081
333 2007
241 1991
628 2067
46 1961
237 1985
511 2057
1411 1673
1014 1809
962 2024
327 2011
1038 1864
923 2047
1029 1821
224 1961
344 2028
1272 1658
235 1982
64 1965
133 1959
335 2011
1040 1866
784 2080
964 2028
342 2025
226 1965
1033 1819
1231 1676
245 1997
330 2017
621 2072
1021 1805
337 2015
966 2031
786 2084
1273 1664
1043 1871
232 1976
1041 1826
927 2055
228 1969
1037 1817
337 2034
247 2001
217 1974
731 2089
1404 1682
618 2074
498 2080
519 2067
968 2035
771 2096
1041 1815
1027 1802
414 2072
1274 1670
1046 1876
1464 1679
101 1976
790 2091
332 2037
250 2006
1401 1687
931 2061
501 2084
971 2040
1045 1813
1232 1689
611 2079
329 2039
1049 1881
252 2010
1033 1799
504 2088
1253 1689
973 2044
1030 1791
1049 1811
31 1985
409 2081
935 2067
405 2076
527 2077
506 2091
324 2042
1052 1886
605 2083
796 2100
1053 1809
1039 1796
403 2073
256 2017
1053 1889
1054 1807
509 2095
1393 1698
1413 1704
977 2051
1037 1787
939 2073
780 2112
401 2070
601 2086
1064 1882
1055 1891
799 2105
318 2046
414 2090
1052 1803
1045 1793
398 2085
512 2099
1463 1699
1042 1784
942 2078
260 2024
398 2065
535 2087
1058 1896
802 2110
416 2094
981 2058
1048 1796
313 2049
514 2102
1388 1705
1473 1703
595 2090
1046 1782
785 2121
1073 1821
310 2051
418 2098
388 2084
395 2060
1254 1711
517 2106
946 2084
1061 1901
264 2031
806 2116
393 2097
985 2065
788 2126
1429 1720
1383 1712
420 2102
384 2086
588 2095
1079 1818
1233 1718
305 2054
520 2110
1431 1721
1064 1906
987 2068
543 2097
950 2090
809 2121
302 2056
380 2088
522 2113
268 2038
387 2100
1084 1816
952 2093
792 2133
582 2099
1067 1911
1233 1726
1378 1719
1462 1720
376 2090
525 2117
812 2126
314 2081
1231 1727
994 2064
1460 1721
271 2043
296 2060
382 2103
1079 1791
1376 1722
1080 1906
578 2102
1090 1813
955 2098
372 2092
795 2139
1070 1916
528 2121
1078 1788
975 2090
954 2100
551 2107
816 2132
274 2048
291 2063
797 2142
1255 1733
1095 1811
368 2094
376 2106
530 2124
1256 1734
572 2106
1073 1921
1447 1730
1075 1783
276 2052
1380 1736
364 2096
819 2137
533 2128
1100 1808
315 2094
371 2109
1403 1745
285 2067
568 2109
945 2104
801 2149
1076 1926
360 2098
558 2116
963 2110
1214 1729
283 2064
536 2132
822 2142
1105 1805
1266 1733
280 2059
365 2112
1422 1752
356 2100
1079 1931
538 2135
939 2107
1210 1730
966 2115
805 2156
290 2089
947 2117
937 2104
352 2102
1111 1802
826 2148
1352 1724
541 2139
366 2124
133 2042
1439 1757
949 2121
1231 1756
969 2120
1276 1732
1083 1938
808 2162
544 2143
1116 1799
829 2153
934 2098
574 2143
951 2125
70 2053
1345 1725
1085 1941
360 2127
810 2165
25 2053
546 2147
973 2127
1010 2106
953 2129
832 2158
924 2102
812 2169
1088 1946
1286 1731
1123 1795
1011 2109
930 2091
354 2130
1191 1731
542 2150
955 2133
1344 1746
976 2132
214 2089
815 2174
351 2132
572 2155
836 2164
1187 1729
1091 1951
538 2153
957 2137
1129 1792
927 2085
572 2158
1210 1770
1410 1780
1296 1730
817 2179
839 2169
980 2139
955 2143
534 2156
1134 1789
1212 1774
1095 1958
1191 1761
924 2079
1016 2122
355 2150
298 2133
1405 1784
1323 1727
812 2183
530 2159
842 2174
1097 1961
983 2144
1214 1778
148 2071
112 2076
1306 1729
921 2074
960 2150
1141 1785
1401 1787
1412 1792
1023 2124
526 2162
845 2178
1216 1782
581 2169
807 2187
1181 1763
1100 1966
1310 1744
987 2151
963 2155
42 2085
583 2172
117 2083
522 2165
918 2068
1028 2126
1177 1765
1147 1782
1218 1787
803 2190
848 2183
3 2084
522 2168
1103 1971
100 2089
1150 1780
990 2156
518 2168
966 2160
351 2168
337 2159
798 2194
1106 1976
914 2061
1170 1769
1036 2129
589 2180
1222 1795
853 2190
514 2171
1431 1807
829 2204
1156 1777
344 2171
372 2167
994 2163
310 2159
971 2167
355 2176
1109 1981
793 2198
1224 1799
1165 1772
1159 1775
1399 1810
911 2055
510 2174
1042 2127
856 2195
832 2208
1450 1810
190 2123
207 2129
973 2171
1045 2126
997 2168
1226 1803
789 2201
1397 1814
595 2188
1112 1986
506 2177
908 2049
792 2209
872 2107
383 2166
836 2214
1230 1801
503 2179
1395 1818
591 2196
861 2202
1051 2124
384 2164
784 2205
1115 1991
1001 2175
347 2188
978 2178
905 2044
1234 1799
839 2218
1134 1981
1393 1822
499 2182
1116 1994
601 2196
864 2207
780 2208
595 2201
980 2182
841 2221
1004 2180
1113 1996
1449 1827
1138 1984
495 2185
902 2038
384 2154
844 2225
377 2155
775 2212
599 2206
981 2189
802 2221
1142 1987
491 2188
869 2214
1107 1999
598 2208
607 2204
846 2228
1423 1837
1008 2187
804 2224
1146 1990
1452 1837
770 2216
347 2205
487 2191
594 2211
982 2196
872 2219
849 2232
871 2221
1011 2192
1142 1998
961 2205
1150 1993
766 2219
851 2235
483 2194
873 2224
1111 2014
613 2212
1448 1844
589 2215
1013 2197
1109 2015
957 2208
273 2192
853 2239
811 2233
802 2238
1154 1996
479 2197
98 2139
131 2136
1142 2008
761 2223
354 2217
1010 2199
585 2218
217 2170
609 2223
1435 1853
849 2242
880 2230
475 2200
1007 2201
1102 2017
619 2220
1159 2000
757 2226
950 2213
796 2243
612 2227
580 2222
1437 1858
995 2209
811 2245
471 2203
883 2235
981 2218
1163 2003
843 2246
1438 1861
819 2243
1001 2205
752 2230
84 2152
615 2231
93 2152
1447 1861
791 2247
102 2152
944 2217
814 2249
575 2226
1439 1864
467 2206
625 2228
1167 2006
839 2249
976 2222
618 2235
1082 2174
747 2234
888 2242
940 2220
817 2253
571 2229
824 2249
786 2251
412 2215
366 2236
1171 2009
1441 1870
972 2225
212 2190
621 2239
945 2230
833 2253
743 2237
820 2257
891 2247
631 2236
1175 2012
566 2233
934 2224
781 2255
968 2228
1436 1877
1443 1876
430 2205
624 2243
357 2244
1008 2227
1034 2221
381 2241
823 2261
738 2241
855 2270
1444 1879
562 2236
930 2227
964 2231
250 2218
1180 2016
627 2247
776 2259
825 2264
896 2254
824 2266
637 2244
437 2200
286 2234
733 2245
960 2234
445 2209
253 2225
557 2240
630 2251
737 2252
933 2241
899 2259
771 2263
1187 2018
923 2232
187 2203
819 2270
729 2248
444 2220
956 2237
633 2255
552 2244
902 2263
732 2256
1192 2020
766 2267
643 2252
90 2186
952 2240
816 2275
636 2259
724 2252
814 2274
916 2237
548 2247
939 2250
635 2261
319 2260
727 2260
909 2262
1198 2022
948 2243
720 2255
445 2239
917 2246
760 2272
809 2278
408 2258
631 2264
377 2269
543 2251
649 2260
639 2267
1203 2024
722 2264
917 2261
715 2259
810 2286
755 2276
539 2254
626 2268
25 2200
803 2283
56 2202
1210 2026
716 2269
710 2263
655 2268
750 2280
622 2271
534 2258
1136 2084
798 2287
446 2249
1215 2028
258 2262
706 2266
1197 2054
745 2284
617 2275
529 2262
1135 2090
1220 2030
793 2291
661 2276
93 2215
1070 2256
701 2270
613 2278
525 2265
528 2269
706 2278
886 2311
740 2288
394 2290
168 2239
1134 2097
526 2271
788 2295
1227 2032
697 2273
608 2282
520 2269
735 2292
667 2284
164 2245
1232 2034
1133 2104
905 2312
692 2277
782 2300
249 2279
603 2286
1095 2258
734 2300
730 2296
715 2289
1078 2270
463 2267
452 2277
1132 2111
687 2281
1407 1946
534 2283
599 2289
777 2304
1120 2246
673 2292
1114 2251
730 2303
718 2293
331 2312
724 2301
1405 1950
683 2284
727 2306
723 2301
233 2286
537 2288
157 2258
594 2293
772 2308
1125 2252
470 2275
1403 1954
968 2311
590 2296
767 2312
541 2294
1401 1958
332 2324
1032 2308
945 2315
734 2315
696 2311
1399 1962
585 2300
544 2299
979 2322
708 2315
211 2292
1465 1963
761 2317
1262 2036
581 2303
1397 1967
737 2323
542 2307
201 2293
548 2305
740 2323
756 2321
1395 1971
576 2307
545 2311
1479 1971
1271 2037
551 2310
1393 1975
547 2314
751 2325
745 2330
553 2313
571 2311
546 2316
1391 1979
1171 2143
453 2326
542 2319
1389 1983
1282 2038
494 2300
538 2322
1387 1988
1154 2157
1145 2289
1384 1990
1397 1996
533 2326
501 2308
109 2291
1294 2037
146 2305
89 2290
1379 1993
529 2329
1154 2291
1121 2317
1164 2168
149 2313
1374 1996
1299 2063
1157 2300
1164 2175
1162 2293
1307 2036
1369 1999
12 2301
1301 2065
1237 2140
511 2319
1477 2011
1166 2294
1364 2002
1304 2071
1313 2032
1170 2295
1241 2147
1220 2161
1317 2030
1359 2005
1174 2296
1307 2077
16 2317
1178 2297
1245 2154
1224 2168
1354 2008
1323 2026
1174 2193
1183 2299
1248 2159
1327 2024
1164 2326
1349 2011
1228 2175
1177 2198
1250 2163
1402 2043
1333 2020
1192 2301
1342 2015
1231 2181
1253 2168
1340 2031
1401 2047
1255 2172
1234 2186
1400 2052
1200 2303
1202 2304
1258 2177
1237 2191
1203 2302
1399 2057
1260 2181
1398 2061
1200 2297
1241 2198
1397 2066
1263 2186
1197 2292
1243 2202
1265 2190
1396 2071
1194 2287
1246 2207
1395 2075
1268 2195
1468 2076
1221 2288
1394 2080
1270 2199
1190 2281
1250 2214
1254 2212
1188 2277
1273 2204
1254 2221
1275 2208
1278 2213
1402 2098
1257 2227
1247 2303
1401 2101
1280 2217
1466 2101
1260 2232
1400 2105
1283 2222
1263 2237
1285 2226
1398 2112
1287 2229
1397 2116
1267 2244
1461 2117
1291 2227
1395 2123
1270 2250
1295 2225
1269 2252
1394 2127
1299 2223
1303 2221
1392 2134
1307 2219
1391 2137
1453 2139
1311 2217
1390 2141
1291 2308
1389 2145
1315 2215
1320 2235
1319 2213
1387 2152
1323 2211
1386 2156
1327 2209
1383 2158
1326 2206
1378 2161
1324 2202
1424 2170
1322 2198
1373 2164
1325 2296
1368 2167
1363 2170
1356 2243
1377 2184
1356 2255
1352 2192
1356 2174
1345 2308
1347 2304
1472 2203
1472 2218
1473 2231
1389 2291
1471 2236
1447 2304
