749 2024
745 2013
750 2008
755 2004
764 2045
723 2031
766 2049
760 2000
718 2034
769 2054
765 1996
771 2058
752 2068
709 2041
770 1992
751 2069
775 2065
728 1978
733 1976
733 1976
776 1987
744 2068
735 1974
701 2047
731 1972
779 2071
725 1973
781 1983
741 1971
781 2075
728 1967
722 1968
744 1969
693 2053
786 1979
726 1963
720 1965
784 2080
750 1966
786 2084
723 1958
791 1975
717 1960
685 2059
721 1954
714 1955
796 1971
790 2091
742 1949
712 1952
718 1949
744 1947
677 2065
801 1967
747 1945
716 1945
709 1947
805 1966
796 2100
713 1940
706 1942
753 1941
669 2071
799 2105
711 1936
782 2116
654 2049
815 1965
703 1937
758 1938
802 2110
651 2051
819 1964
661 2077
722 1923
699 1931
786 2123
764 1934
806 2116
701 1929
719 1919
789 2128
769 1931
820 1944
809 2121
653 2083
715 1921
706 1926
772 1929
670 1939
691 1920
793 2135
836 1962
812 2126
778 1925
666 1934
645 2089
688 1915
709 1907
842 1961
816 2132
797 2142
783 1922
706 1907
628 2067
672 1919
661 1928
785 1921
685 1910
835 1935
625 2069
849 1960
835 1933
702 1909
819 2137
637 2095
788 1924
801 2149
682 1905
621 2072
853 1962
698 1911
656 1922
833 1928
822 2142
618 2074
791 1929
679 1900
831 1924
805 2156
615 2076
629 2101
829 1923
860 1967
651 1916
826 2148
794 1934
826 1923
676 1895
611 2079
808 2162
865 1970
674 1892
829 2153
608 2081
822 1925
810 2165
621 2107
605 2083
818 1927
671 1887
832 2158
872 1975
651 1897
601 2086
669 1884
814 2172
613 2113
598 2088
836 2164
876 1978
672 1881
595 2090
878 1980
817 2178
646 1891
816 2180
839 2169
592 2092
605 2119
882 1986
812 2183
588 2095
842 2174
660 1871
884 1989
585 2097
845 2178
807 2187
636 1881
597 2125
877 1902
610 1903
659 1863
888 1995
803 2190
848 2183
578 2102
881 1900
654 1859
606 1898
628 1879
664 1858
892 2001
798 2194
589 2131
572 2106
853 2190
602 1893
652 1852
669 1854
620 1877
895 2006
793 2198
568 2109
856 2195
832 2208
617 1876
598 1888
581 2137
789 2201
834 2211
600 1886
899 2012
675 1849
613 1878
562 2113
792 2209
836 2214
585 1893
603 1884
861 2202
784 2205
575 2142
558 2116
680 1845
920 1917
903 2018
839 2218
574 2144
581 1895
780 2208
864 2207
905 2021
841 2221
554 2111
925 1914
686 1840
844 2225
775 2212
574 1900
908 2026
802 2221
572 2154
930 1911
869 2214
550 2106
846 2228
910 2029
691 1836
804 2224
916 1880
572 2158
569 1903
770 2216
742 1797
621 1833
872 2219
849 2232
743 1796
546 2101
649 1818
740 1796
937 1907
914 2035
766 2219
851 2235
697 1831
563 1907
923 1876
916 2038
853 2238
542 2096
942 1904
811 2233
802 2238
545 2148
681 1821
852 2240
761 2223
702 1827
558 1910
581 2169
880 2230
589 1841
538 2091
920 2044
733 1785
757 2226
583 2172
932 1871
949 1900
796 2243
846 2244
728 1806
538 2153
811 2245
708 1822
930 1869
883 2235
551 1915
730 1780
534 2086
586 1835
843 2246
819 2243
544 2167
752 2230
924 2050
954 1897
927 1867
671 1800
791 2247
534 2156
690 1811
814 2249
713 1818
541 2169
839 2249
589 2180
670 1797
546 1918
583 1830
530 2081
927 2055
747 2234
725 1774
530 2159
888 2242
817 2253
922 1864
824 2249
786 2251
961 1893
668 1792
541 1921
919 1862
833 2253
743 2237
580 1824
526 2162
526 2076
820 2257
534 2174
827 2253
891 2247
931 2061
781 2255
666 1788
595 2188
966 1890
578 1821
914 1859
522 2165
823 2261
665 1785
738 2241
580 1819
522 2071
534 1926
591 2196
955 1860
935 2067
776 2259
825 2264
896 2254
518 2168
663 1781
526 2180
909 1856
973 1886
824 2266
937 2070
733 2245
601 2196
529 1929
518 2066
586 1816
712 1787
595 2201
960 1857
906 1854
514 2171
660 1777
771 2263
899 2259
522 2183
978 1883
729 2248
819 2270
940 2075
514 2061
656 1779
965 1854
592 1813
599 2206
901 1851
510 2174
523 1933
902 2263
518 2186
788 1749
942 2078
766 2267
731 2257
598 2208
607 2204
724 2252
814 2274
652 1781
985 1879
506 2177
597 1810
510 2056
518 1936
513 2189
792 1745
971 1850
904 1837
594 2211
909 2262
726 2261
648 1783
946 2084
720 2255
760 2272
809 2278
990 1876
975 1848
506 2051
603 1807
948 2087
797 1741
613 2212
644 1785
913 2270
589 2215
499 2182
721 2265
511 1941
715 2259
917 2261
755 2276
504 2196
918 2259
803 2283
901 1826
585 2218
997 1872
495 2185
502 2046
507 1943
802 1737
609 1804
952 2093
609 2223
649 1754
637 1789
501 2198
710 2263
750 2280
984 1842
715 2270
619 2220
491 2188
899 1821
806 1734
1002 1869
798 2287
987 2068
612 2227
614 1801
580 2222
498 2041
955 2098
633 1791
913 2252
706 2266
988 1840
500 1948
954 2100
487 2191
745 2284
710 2274
989 1838
615 2231
629 1793
811 1730
793 2291
493 2204
575 2226
494 2036
620 1798
1009 1865
994 2064
625 2228
918 2244
701 2270
987 1834
495 1951
483 2194
706 2278
618 2235
740 2288
896 1810
489 2207
571 2229
816 1726
788 2295
945 2104
490 2031
985 1830
697 2273
1014 1862
479 2197
474 1875
621 2239
469 2050
963 2110
894 1805
485 2210
735 2292
940 2249
820 1723
983 1826
1003 1834
631 2236
566 2233
475 2200
469 1874
935 2239
939 2107
486 2026
465 2052
486 1957
692 2277
624 2243
1020 1859
782 2300
966 2115
947 2117
488 1822
981 1822
1007 1832
480 2213
734 2300
994 1820
562 2236
730 2296
937 2104
825 1719
464 1878
715 2289
471 2203
461 2054
939 2236
464 1873
627 2247
485 1822
481 1960
996 1818
949 2121
482 2021
1024 1863
687 2281
1011 1830
777 2304
969 2120
891 1794
462 1870
637 2244
460 1880
949 2242
718 2293
467 2206
729 2304
943 2233
481 1824
557 2240
630 2251
934 2098
456 2057
830 1715
951 2125
724 2301
1027 1867
1015 1828
683 2284
727 2306
478 2016
1002 1815
456 1882
889 1789
772 2308
459 1865
471 2220
477 1826
879 1792
474 1965
452 2059
633 2255
953 2129
973 2127
834 1712
1019 1826
552 2244
452 1884
468 2222
678 2288
950 2228
878 1788
930 2091
643 2252
957 2236
474 2011
1038 1864
1008 1812
955 2133
767 2312
636 2259
469 1968
1023 1824
976 2132
548 2247
877 1785
839 1708
953 2226
1040 1866
470 1830
635 2261
442 2045
447 1887
734 2315
957 2137
673 2292
886 1778
876 1782
441 2058
1027 1822
927 2085
470 2006
464 1971
1014 1809
957 2223
631 2264
543 2251
443 1889
460 2228
761 2317
1043 1871
844 1704
927 2136
649 2260
875 1778
965 2230
955 2143
980 2139
1031 1820
884 1773
669 2287
434 2056
874 1775
924 2079
466 2001
437 1868
439 1891
539 2254
456 2231
435 2064
432 2057
848 1701
740 2323
1035 1818
626 2268
1046 1876
446 2017
756 2321
1021 1805
457 1976
873 1772
983 2144
850 1700
964 2218
435 1865
666 2283
456 1810
921 2074
960 2150
452 2234
882 1765
429 2053
1039 1816
1016 2122
852 1702
655 2268
462 1996
454 1810
973 2224
622 2271
872 1768
534 2258
1049 1881
452 1979
751 2325
663 2279
1027 1802
871 1765
745 2330
961 2205
432 1859
1043 1814
987 2151
450 1981
963 2155
880 1760
429 1935
447 2237
971 2213
918 2068
458 1991
617 2275
529 2262
1023 2124
854 1709
1052 1886
960 2202
430 2205
430 1855
1047 1812
433 2016
427 1932
448 1801
974 2211
1033 1799
981 2218
990 2156
966 2160
869 1758
1030 1791
432 1853
976 2210
613 2278
525 2265
528 2269
878 1753
1028 2126
1055 1891
1051 1810
429 2018
980 2215
444 1803
914 2061
856 1716
440 2243
526 2271
424 1926
1039 1796
1054 1808
867 1752
424 2198
413 2072
425 2020
954 2193
438 1850
608 2282
520 2269
857 1720
994 2163
1058 1896
421 1848
971 2167
876 1746
1053 1805
911 2055
1036 2129
866 1748
421 1921
441 1848
437 1808
421 2022
1040 1785
1045 1793
411 2079
436 1809
531 2278
419 1844
973 2171
951 2188
859 1725
407 2075
997 2168
1071 1822
603 2286
1061 1901
419 2192
874 1741
409 2081
1050 1800
405 2076
1048 1796
908 2049
1042 2127
864 1742
438 1813
418 1915
417 1840
996 2208
533 2282
447 1845
869 1725
599 2289
415 2003
403 2073
414 2026
1064 1906
1045 2126
1077 1819
863 1738
861 1733
1001 2175
978 2178
440 1817
905 2044
401 2070
413 2088
414 1835
1001 2205
413 2185
410 2028
438 1821
735 1625
594 2293
414 1908
1067 1911
1082 1817
538 2289
1051 2124
401 2207
737 1624
415 2092
1004 2180
400 2091
412 1984
398 2065
902 2038
590 2296
1086 1815
540 2293
410 1828
1070 1916
741 1623
1008 2200
417 2096
403 2032
411 1902
407 2178
440 1755
408 1826
744 1623
388 2084
395 2060
1008 2187
1079 1791
1012 2198
419 2100
399 2034
585 2300
1092 1812
1073 1921
393 2097
435 1753
746 1626
1013 2196
404 1828
384 2086
545 2300
1078 1788
407 1895
421 2104
581 2303
394 2037
470 1712
1076 1926
400 2170
380 2088
547 2304
1098 1809
542 2307
387 2100
399 1831
432 1747
749 1632
1075 1783
467 1713
390 2039
404 1889
376 2090
576 2307
430 1744
545 2311
1079 1931
395 1833
382 2103
463 1715
386 2041
752 1638
433 1742
1105 1805
547 2314
372 2092
474 2279
393 2162
553 2313
571 2311
546 2316
1082 1936
459 1717
400 1882
376 2106
669 1607
368 2094
388 1837
438 1740
755 1644
1111 1802
766 1633
461 2294
379 2045
542 2319
1085 1941
390 2156
364 2096
397 1876
1114 1800
435 1731
371 2109
452 1721
769 1629
375 2047
538 2322
437 1729
381 1841
360 2098
1088 1946
387 2150
448 1723
379 1843
371 2166
484 2290
1120 1797
365 2112
393 1869
1106 1937
356 2100
773 1623
533 2326
928 1666
368 2051
1091 1951
765 1587
1125 1794
1064 2220
462 1677
352 2102
931 1664
366 2124
529 2329
383 1850
364 2053
390 1863
890 1613
777 1617
1094 1956
360 2256
934 1662
890 1611
753 1573
385 1854
772 1588
779 1614
554 1631
937 1660
359 2056
360 2127
1132 1790
774 1590
1097 1961
1116 1947
888 1606
457 1668
940 1658
400 1720
781 1610
355 2058
344 2028
776 1595
886 1602
354 2130
943 1656
1138 1787
1100 1966
780 1606
755 1563
355 2150
351 2060
342 2025
946 1656
397 1714
351 2132
453 1661
1141 1785
786 1605
357 2148
756 1559
357 1865
337 2026
1103 1971
948 1659
339 2019
394 1709
344 2064
353 1867
1147 1782
948 1641
1106 1976
508 2315
751 1552
448 1652
340 2066
391 1704
336 2013
485 1627
1152 1779
1109 1981
346 1872
343 1861
620 1573
954 1636
335 2069
388 1698
444 1645
333 2007
746 1545
342 1874
1112 1986
515 2323
1159 1775
915 1586
331 2071
442 1641
960 1631
743 1541
385 1693
330 2002
327 2073
1115 1991
333 2113
917 1580
1165 1772
726 1530
335 1879
439 1636
1134 1981
1116 1994
740 1536
382 1688
728 1529
966 1626
327 1996
919 1575
1113 1996
437 1632
1170 1769
320 2077
1138 1984
327 1758
469 1611
330 1882
940 1590
379 1682
971 1622
325 1755
491 1597
318 1994
324 1990
316 2079
434 1627
1142 1987
922 1569
1107 1999
325 1885
742 1523
321 1879
314 2081
323 1752
1177 1765
316 1990
376 1677
432 1623
1146 1990
977 1617
924 1563
320 1983
320 1747
732 1511
1183 1762
373 1672
708 1511
318 1890
1150 1993
429 1618
305 1789
1111 2014
312 1983
318 1744
311 1881
1186 1762
294 2061
1109 2015
927 1557
317 1977
314 1892
983 1612
737 1507
427 1614
1154 1996
1188 1764
300 1791
734 1504
291 2063
370 1666
738 1504
306 1884
314 1738
288 2065
296 1793
424 1609
1102 2017
739 1501
314 1971
1191 1769
1159 2000
736 1499
716 1498
927 1549
307 1974
367 1661
989 1607
307 1897
285 2067
301 1887
740 1498
292 1795
311 1733
422 1605
305 1970
1163 2003
283 2064
311 1965
364 1656
994 1603
309 1730
302 1900
715 1491
738 1492
1195 1776
288 1797
286 1780
742 1492
303 1966
295 1891
1167 2006
998 1603
280 2059
418 1598
308 1960
284 1799
740 1487
306 1725
292 1893
297 1903
283 1776
301 1962
714 1484
360 1649
744 1486
1171 2009
1199 1783
350 1654
280 1801
290 1890
636 1499
415 1593
1204 1738
298 1959
305 1954
276 2052
742 1480
1175 2012
302 1719
279 1770
276 1803
285 1898
357 1643
746 1480
290 1908
413 1589
743 1478
713 1476
287 1885
294 1961
252 2193
1203 1790
741 1477
288 1910
747 1477
302 1948
713 1473
272 1805
1009 1613
276 1766
299 1714
345 1645
712 1472
1180 2016
290 1963
1210 1730
354 1638
272 2045
749 1475
715 1472
1221 1750
266 1800
297 1711
409 1582
268 1807
343 1641
283 1878
735 1476
718 1472
1013 1616
276 1902
292 1947
1207 1797
285 1966
351 1633
263 1802
272 1760
298 1941
1217 1729
732 1475
1187 2018
264 1809
287 1920
341 1637
274 1907
268 2038
294 1706
406 1577
723 1473
290 1943
1018 1620
281 1968
270 1905
271 1908
269 1756
279 1871
260 1811
1192 2020
257 1805
348 1627
1211 1804
404 1573
295 1935
1224 1728
287 1938
291 1927
267 1910
257 1813
290 1700
337 1630
274 1869
276 1971
1163 2052
264 2031
540 1507
276 1866
264 1908
766 1473
1233 1734
252 1808
265 1750
345 1622
1198 2022
735 1456
664 1460
272 1865
272 1973
1232 1727
1215 1811
262 1912
259 1818
400 1566
1226 1803
287 1695
334 1625
707 1449
1233 1725
262 1746
1203 2024
260 1821
342 1617
260 2024
732 1451
407 1557
274 1859
285 1692
663 1454
258 1914
774 1473
1230 1801
332 1621
245 1812
256 1747
267 1976
397 1561
269 1859
255 1912
261 1824
706 1444
1219 1818
245 1820
1202 2304
261 1971
272 1854
1234 1799
268 1856
258 1740
253 1916
263 1978
282 1687
339 1611
1210 2026
662 1448
395 1557
251 1747
780 1475
329 1616
1203 2302
256 2017
263 1829
239 1815
705 1439
727 1444
258 1973
249 1915
1136 2084
240 1823
270 1849
247 1749
248 1918
730 1439
661 1443
327 1612
1215 2028
258 1981
336 1606
1223 1825
1022 1546
392 1552
785 1477
1200 2297
704 1434
278 1681
1260 1752
234 1818
724 1439
265 1835
1256 1734
1207 2296
236 1825
243 1751
1135 2090
252 2010
244 1920
243 1918
254 1983
251 1977
390 1548
1220 2030
266 1838
324 1607
660 1437
333 1601
268 1842
241 1919
703 1429
791 1479
1197 2292
1233 1704
275 1676
604 1453
726 1432
229 1821
1059 1600
1227 1832
322 1603
1026 1537
249 1986
237 1918
210 2279
1134 2097
719 1432
273 1673
724 1429
229 1829
1061 1602
236 1755
659 1431
248 2003
1266 1733
796 1481
1227 2032
702 1423
244 1981
1194 2287
386 1541
718 1429
329 1594
601 1447
271 1670
223 1824
245 1988
799 1482
232 1921
319 1598
721 1424
658 1426
1064 1607
701 1418
1133 2104
1276 1752
1232 2034
716 1425
802 1483
383 1536
222 1833
229 1759
241 1991
228 1923
244 1996
1030 1528
1190 2281
268 1665
317 1594
218 1827
326 1588
237 1985
598 1441
1276 1732
718 1419
714 1421
1067 1612
657 1420
381 1532
700 1412
235 1982
224 1925
1188 2277
1132 2111
224 1762
691 1411
265 1660
314 1589
596 1436
216 1837
323 1583
712 1417
211 1831
1070 1617
699 1407
656 1414
1232 1682
263 1657
1034 1519
220 1764
219 1928
312 1585
212 1839
436 1493
232 1976
715 1411
377 1525
710 1413
1286 1731
320 1578
593 1430
215 1926
1238 2285
655 1409
1073 1622
215 1930
698 1401
205 1834
660 1407
214 1924
212 1760
410 1500
708 1409
207 1842
229 1971
259 1651
374 1520
712 1405
213 1768
308 1578
317 1572
211 1932
590 1424
1038 1510
697 1396
654 1403
1076 1627
200 1837
203 1844
372 1516
1296 1730
209 1934
211 1918
706 1403
206 1763
256 1646
306 1574
226 1965
406 1493
208 1771
314 1567
696 1390
1079 1632
653 1397
254 1643
709 1397
485 1459
1262 2036
204 1773
704 1397
193 1841
162 2192
208 1912
200 1766
196 1848
586 1415
1042 1501
368 1509
213 1941
311 1562
695 1385
302 1567
652 1392
1306 1729
222 1958
483 1455
402 1486
251 1638
1231 1659
703 1393
838 1471
706 1391
206 1907
215 1945
404 1484
195 1769
185 2006
187 1844
365 1504
583 1409
694 1380
481 1451
1049 1497
197 1777
1271 2037
299 1562
189 1852
308 1556
651 1386
219 1952
407 1482
701 1387
184 1846
247 1632
363 1500
479 1447
203 1901
1316 1728
297 1558
189 1772
693 1374
192 1780
704 1382
580 1403
305 1551
650 1380
360 1497
183 1856
244 1627
1074 1507
413 1478
476 1443
182 1857
699 1380
692 1370
294 1554
188 1782
1111 1563
177 1850
475 1442
1049 1486
1253 2092
200 1895
293 1553
1282 2038
183 1775
577 1398
694 1369
649 1375
242 1624
302 1546
416 1476
698 1377
176 1848
355 1500
190 1899
184 1861
702 1374
696 1371
1326 1727
471 1444
852 1484
1116 1560
289 1556
198 1890
1230 1637
239 1619
648 1369
181 1786
186 1865
574 1392
173 1842
467 1446
176 1779
422 1472
145 2292
298 1539
854 1489
1072 1487
285 1559
348 1505
572 1389
1048 1474
1270 2251
188 1869
195 1884
1294 2037
463 1448
176 1789
647 1363
301 1536
1336 1726
235 1613
1269 2248
689 1354
856 1494
170 1836
281 1562
170 1782
343 1508
190 1874
172 1791
694 1351
871 1478
568 1382
424 1459
646 1357
1267 2244
457 1451
688 1349
232 1608
277 1565
858 1499
168 1831
307 1532
131 2286
1259 2116
164 1785
1133 1558
1047 1463
1299 2063
230 1605
1346 1725
645 1352
310 1530
694 1344
429 1456
687 1344
273 1568
336 1513
1307 2036
165 1795
1045 1461
565 1376
1301 2065
1352 1752
273 1536
165 1825
228 1602
1263 2237
149 1847
1238 2141
447 1446
1139 1557
342 1470
563 1373
1229 1614
157 1789
269 1571
358 1458
644 1346
380 1445
686 1338
331 1516
160 1798
231 1599
1357 1754
202 1616
316 1526
506 1392
1240 2145
443 1448
123 2063
340 1467
1313 2032
1304 2071
436 1452
155 1786
1356 1724
269 1530
162 1819
886 1478
378 1442
1220 2161
265 1574
1259 2230
156 1800
1361 1756
355 1453
235 1596
643 1340
198 1619
693 1332
1317 2030
559 1366
337 1463
1243 2150
376 1439
890 1476
154 1802
266 1526
322 1522
1150 1556
1307 2077
1365 1741
261 1577
152 1780
1030 1462
1366 1758
239 1593
374 1436
642 1335
194 1622
1245 2154
1224 2168
156 1806
556 1361
1154 1555
1255 2223
1366 1723
158 1810
895 1474
684 1325
1323 2026
350 1446
372 1433
257 1580
262 1520
332 1456
243 1590
130 1852
554 1358
1371 1760
149 1774
641 1329
1148 1526
1248 2159
1324 2322
370 1430
1327 2024
900 1472
1252 2218
1160 1554
188 1627
1373 1728
692 1319
552 1355
253 1583
1228 2175
347 1441
259 1516
247 1587
1228 1592
321 1457
1250 2163
185 1629
1163 1557
1376 1722
550 1352
146 1768
640 1323
1250 2214
903 1468
682 1315
351 1434
1016 1463
1135 1491
1127 1480
366 1424
1333 2020
1231 2181
548 1349
318 1453
1100 1448
255 1510
108 2004
1253 2168
1379 1718
639 1318
1166 1562
1337 2018
143 1762
1233 2184
907 1462
186 1590
1246 2207
691 1307
1100 1444
228 1567
1388 1746
315 1449
1255 2172
545 1344
1168 1565
252 1506
346 1427
362 1418
638 1312
184 1587
175 1637
1391 1749
543 1341
140 1756
910 1457
1384 1711
312 1445
680 1302
1343 2014
359 1414
182 1585
1258 2177
1237 2191
1171 1570
343 1422
444 1379
1001 1464
1242 2200
541 1338
248 1500
695 1298
637 1306
1347 2012
309 1441
1260 2181
462 1366
1227 1570
539 1335
1395 1755
137 1750
177 1588
1174 1575
245 1496
355 1408
1163 1496
679 1294
1389 1704
1225 1569
636 1301
537 1332
338 1415
159 1633
1352 2009
1176 1578
165 1645
305 1436
1222 1569
353 1405
1391 1701
1398 1760
678 1290
134 1744
696 1288
175 1574
156 1635
635 1295
80 2013
1327 2209
335 1411
170 1593
534 1327
987 1465
1154 1469
1357 2006
936 1479
240 1489
1394 1697
438 1365
153 1637
1216 1571
1333 2212
332 1411
1326 2206
349 1399
532 1324
1411 1730
1402 1766
172 1569
58 2248
311 1430
238 1486
677 1282
634 1289
1213 1572
118 1745
940 1482
935 1453
1362 2003
347 1396
149 1640
697 1279
530 1321
1324 2202
937 1453
676 1279
163 1598
155 1653
1398 1691
169 1564
1405 1771
126 1734
146 1642
633 1284
528 1318
1208 1574
698 1275
1204 1563
1322 2198
1367 2000
233 1479
159 1601
1407 1774
1401 1687
143 1644
343 1390
526 1315
199 1528
973 1466
699 1271
166 1559
1360 2233
675 1271
972 1467
321 1402
149 1658
632 1278
1409 1777
74 1976
140 1646
301 1414
1372 1997
1212 1550
340 1386
154 1604
674 1268
120 1727
700 1267
1379 2290
1410 1780
229 1473
303 1412
163 1554
148 1597
531 1310
145 1661
293 1413
1406 1680
631 1272
333 1385
1185 1474
343 1383
147 1603
134 1650
955 1452
1386 2013
145 1599
973 1476
300 1407
226 1469
1408 1677
1379 1993
1405 1784
312 1397
702 1260
1220 1549
290 1409
327 1384
160 1549
536 1306
147 1609
630 1267
313 1393
142 1601
114 1720
1389 2016
139 1666
349 1379
628 1265
703 1256
1411 1673
935 1428
1401 1787
308 1400
287 1405
139 1603
935 1427
672 1255
222 1463
136 1668
157 1544
127 1655
933 1427
937 1426
1386 1989
1442 1759
197 1485
705 1252
701 1251
309 1387
136 1605
1431 1782
322 1377
542 1301
624 1268
1392 2022
172 1529
140 1614
706 1251
1387 1987
284 1401
155 1540
219 1459
355 1375
1396 2001
124 1651
110 1711
698 1249
307 1384
133 1607
282 1400
393 1350
671 1247
620 1271
358 1373
280 1401
319 1372
136 1617
547 1297
25 2127
1395 2028
130 1609
487 1299
62 1777
1184 1439
712 1253
1390 1981
670 1244
304 1380
151 1534
215 1453
107 1705
126 1676
388 1353
351 1361
670 1241
328 1361
119 1644
131 1620
669 1240
717 1255
689 1246
364 1369
1242 1548
672 1240
106 1701
1398 2034
272 1398
148 1530
124 1613
553 1292
212 1449
314 1365
1393 1975
612 1277
147 1529
300 1374
325 1357
1399 1810
106 1698
676 1241
210 1446
722 1257
684 1244
115 1638
381 1358
712 1234
724 1251
1461 1721
1248 1547
267 1401
143 1531
119 1616
370 1365
124 1625
311 1360
1401 2040
558 1288
1397 1814
322 1353
1396 1969
1462 1719
725 1258
1202 1438
107 1692
116 1684
207 1442
355 1349
1402 2043
112 1634
373 1363
38 1884
295 1367
713 1228
1395 1818
138 1534
604 1284
319 1349
1398 1964
210 1439
113 1620
497 1274
1401 2047
293 1364
115 1631
260 1406
564 1283
33 1883
306 1353
370 1341
1393 1822
89 1692
606 1288
110 1622
384 1323
714 1222
316 1345
367 1343
133 1537
1400 2052
1450 1810
493 1269
1401 1958
303 1349
255 1409
153 1493
216 1435
382 1320
569 1279
348 1340
302 1348
366 1336
608 1293
129 1539
715 1217
313 1341
288 1357
97 1629
39 1745
151 1490
1399 2057
219 1433
380 1317
290 1355
1268 1546
399 1303
447 1280
298 1350
12 1975
1404 1952
363 1332
19 1871
610 1298
310 1337
574 1275
378 1314
1417 2210
1398 2061
1430 1630
248 1414
343 1334
720 1212
123 1543
1386 2156
148 1485
413 1291
1273 1546
93 1623
225 1429
376 1311
307 1333
612 1303
1274 1548
484 1258
1407 1946
1397 2066
18 1801
119 1545
724 1209
243 1417
8 1960
145 1480
90 1619
1405 1944
1449 1827
304 1329
1236 1436
558 1250
614 1308
6 1850
1396 2071
231 1425
1441 2248
1388 2147
480 1253
114 1548
424 1274
142 1475
301 1325
1389 2144
234 1423
616 1312
1395 2075
1399 1941
86 1613
554 1246
1 1846
1 1855
476 1248
109 1551
304 1322
102 1525
1432 2197
139 1470
1394 2080
618 1317
1435 1853
83 1609
550 1243
1393 1938
105 1553
1391 2136
308 1319
472 1243
694 1186
417 1265
546 1240
136 1465
1448 1844
1437 1858
1274 1569
660 1185
1271 1462
1392 2132
79 1603
1438 1861
1464 1670
468 1238
99 1557
692 1180
1459 2241
542 1237
133 1460
1272 1574
1276 1461
315 1314
1439 1864
1394 2127
76 1599
691 1177
658 1178
95 1559
411 1257
547 1227
538 1234
318 1312
1305 1529
657 1175
1270 1579
463 1232
1402 2098
130 1455
1441 1870
689 1172
545 1224
90 1562
656 1172
72 1593
130 1452
534 1231
1396 2118
463 1227
1268 1584
406 1251
543 1221
1447 1861
310 1297
1465 1655
131 1448
1400 2105
1397 2115
1443 1876
69 1589
687 1166
1431 1584
403 1251
85 1565
541 1218
465 1223
312 1295
1399 2108
1266 1589
1444 1879
686 1163
132 1444
1445 1880
539 1215
315 1293
81 1567
467 1219
1446 1878
65 1583
133 1440
1264 1594
537 1212
684 1158
1393 1898
134 1436
683 1155
470 1214
535 1209
62 1579
118 1439
321 1289
75 1571
314 1283
1262 1599
682 1152
64 1577
533 1206
324 1287
472 1210
71 1573
1332 1543
1477 1937
1260 1603
1413 1564
136 1429
91 1458
531 1203
114 1432
680 1147
474 1206
1329 1497
1411 1560
1292 1608
330 1283
137 1425
1340 1542
111 1427
527 1197
477 1201
678 1141
138 1421
1465 1892
1457 2116
1408 1555
677 1138
336 1279
479 1197
139 1417
375 1237
326 1268
1292 1618
1406 1551
1466 1621
523 1191
107 1420
675 1133
481 1193
140 1413
596 1142
371 1239
1351 1541
341 1276
40 1545
594 1141
330 1263
674 1130
1403 1546
344 1274
104 1415
519 1185
43 1487
484 1188
1323 1431
142 1406
365 1243
1467 1611
1401 1542
347 1272
334 1258
672 1124
1432 1539
486 1184
101 1410
1361 1540
143 1402
1434 1537
515 1179
361 1246
687 1117
1398 1538
1397 1537
480 1177
101 1406
670 1119
488 1180
353 1268
338 1253
144 1398
669 1116
482 1174
491 1177
102 1401
145 1394
511 1173
365 1253
1364 1495
342 1248
359 1264
1341 1430
103 1397
485 1169
146 1390
667 1110
1363 1480
367 1257
92 1398
1342 1428
666 1107
1384 1538
31 1460
104 1392
1350 1436
1271 1652
485 1162
148 1383
89 1393
137 1380
664 1102
105 1387
87 1390
482 1159
1272 1658
8 1503
149 1379
138 1377
1468 1583
510 1156
1357 1432
1363 1445
106 1383
139 1374
85 1387
662 1096
150 1375
577 1107
1375 1469
1273 1664
512 1152
140 1371
476 1156
661 1093
1387 1501
107 1378
151 1371
1370 1446
82 1382
14 1457
1364 1428
473 1154
598 1095
1469 1572
515 1147
1365 1426
1274 1670
1469 1536
659 1088
572 1101
108 1373
1470 1535
1470 1538
570 1100
658 1085
1377 1447
470 1148
674 1080
78 1376
517 1143
467 1151
1395 1495
109 1369
1378 1448
1367 1421
470 1146
657 1082
78 1373
673 1077
1391 1465
110 1364
520 1138
140 1355
672 1074
472 1142
462 1148
1369 1416
79 1369
1393 1467
655 1077
560 1098
671 1071
462 1142
1397 1486
522 1134
474 1138
111 1359
1371 1411
670 1068
1381 1418
1398 1483
653 1071
455 1144
81 1362
1395 1474
112 1355
476 1134
517 1127
109 1354
525 1129
1373 1406
652 1068
82 1359
668 1063
550 1096
478 1130
527 1125
449 1141
83 1355
1375 1401
650 1063
666 1058
1383 1404
545 1095
139 1337
480 1126
446 1139
1376 1399
84 1351
649 1060
522 1117
530 1120
1374 1398
475 1121
446 1134
1386 1402
542 1098
1372 1398
482 1121
664 1051
532 1116
440 1136
647 1054
1373 1392
663 1049
86 1344
1378 1391
441 1131
614 1052
111 1336
484 1117
1402 1413
1373 1390
1386 1393
437 1134
526 1108
87 1341
1440 1461
538 1105
1403 1411
535 1111
437 1129
645 1049
486 1113
1387 1389
1379 1385
644 1046
431 1131
660 1040
433 1127
138 1319
1440 1455
1380 1382
1388 1385
488 1109
481 1106
113 1326
613 1041
429 1125
1389 1381
642 1040
658 1035
490 1105
530 1072
426 1128
483 1101
18 1362
1390 1377
425 1123
640 1035
525 1073
1382 1372
656 1028
1391 1373
486 1095
638 1033
147 1306
419 1124
77 1320
85 1320
420 1120
520 1074
486 1091
3 1363
624 1030
654 1023
137 1301
1392 1367
416 1118
1384 1363
413 1121
1403 1385
515 1075
135 1299
485 1087
645 1020
412 1116
410 1119
1393 1361
484 1083
510 1076
548 1033
490 1081
111 1300
408 1114
482 1081
1394 1356
603 1015
492 1080
611 1013
404 1116
1385 1352
109 1298
505 1077
114 1297
125 1297
64 1304
148 1288
81 1302
125 1294
116 1295
110 1294
401 1114
63 1301
581 1014
1386 1348
476 1078
149 1284
500 1078
104 1296
401 1110
1476 1425
150 1280
547 1018
1395 1345
397 1108
395 1111
61 1294
643 1001
88 1292
599 1002
645 1000
546 1015
97 1294
151 1276
89 1291
467 1074
60 1291
391 1110
393 1106
647 999
1388 1337
545 1012
152 1272
1386 1336
1402 1357
59 1287
1396 1335
116 1278
1384 1337
652 1002
543 1007
153 1268
58 1284
1383 1339
1385 1330
385 1102
458 1070
154 1264
541 1002
381 1100
89 1276
642 984
155 1260
1428 1349
378 1098
539 997
117 1265
450 1067
610 979
156 1256
81 1268
369 1109
118 1261
90 1267
537 992
157 1252
16 1283
604 974
366 1108
443 1067
119 1258
79 1264
446 1058
158 1248
535 987
443 1057
120 1254
77 1260
438 1068
1401 1330
91 1258
641 966
160 1243
533 982
376 1081
75 1256
356 1109
92 1254
603 963
122 1248
1477 1382
162 1239
73 1252
375 1076
531 976
93 1250
123 1244
434 1050
164 1235
595 958
71 1248
431 1048
347 1110
1388 1293
367 1072
529 970
1478 1371
95 1243
125 1237
166 1230
69 1244
640 949
528 967
374 1065
126 1234
96 1239
168 1226
67 1240
366 1064
338 1111
423 1042
373 1061
1387 1283
526 961
124 1228
170 1222
128 1228
65 1236
1400 1302
98 1232
525 958
419 1039
593 941
130 1224
172 1217
365 1055
63 1231
329 1112
99 1228
415 1036
1386 1274
1479 1354
1394 1274
372 1051
68 1226
593 935
523 952
174 1213
639 932
1396 1273
132 1219
61 1227
1384 1272
640 931
371 1048
595 933
522 949
1398 1274
101 1222
69 1222
637 930
1382 1273
642 930
410 1033
400 1054
364 1047
176 1209
1399 1276
134 1215
59 1223
320 1113
409 1031
371 1043
1380 1268
1380 1276
65 1218
370 1042
165 1202
1384 1264
103 1217
71 1217
520 943
373 1042
178 1205
57 1219
136 1210
1398 1262
646 923
519 940
363 1039
376 1043
1383 1260
569 925
391 1050
135 1206
105 1212
73 1212
55 1215
62 1212
311 1114
138 1206
380 1045
1382 1256
170 1194
74 1209
623 931
53 1211
184 1197
517 933
107 1207
140 1202
362 1031
20 1213
138 1200
1381 1252
59 1206
516 930
76 1204
360 1029
22 1211
51 1207
302 1115
537 922
142 1198
407 1013
72 1201
109 1202
1380 1248
102 1199
2 1213
73 1198
49 1203
56 1200
78 1199
297 1116
1379 1244
190 1189
28 1208
514 923
178 1183
145 1193
111 1197
406 1007
143 1191
352 1030
79 1196
74 1194
46 1199
293 1117
1378 1240
54 1195
147 1189
145 1188
113 1193
182 1178
512 917
1377 1237
1480 1316
34 1205
81 1191
156 1180
76 1189
42 1201
288 1118
108 1188
345 1031
154 1179
196 1181
51 1189
148 1183
511 913
116 1188
77 1185
110 1185
186 1173
83 1186
154 1175
284 1119
646 892
568 896
1375 1231
48 1187
155 1173
644 891
570 895
149 1176
337 1032
509 907
86 1182
279 1120
1373 1226
156 1169
404 989
121 1181
1398 1224
202 1173
191 1167
508 903
360 1000
1372 1223
275 1121
143 1173
160 1167
330 1033
403 984
117 1174
124 1176
390 986
271 1122
160 1163
195 1162
162 1164
506 897
207 1167
119 1171
1370 1217
571 881
137 1170
126 1173
403 978
505 894
95 1172
266 1123
42 1170
322 1034
1480 1291
199 1157
401 976
1367 1213
164 1157
536 882
42 1168
122 1166
1375 1210
167 1158
262 1115
97 1169
504 890
1365 1213
262 1124
212 1161
136 1160
95 1165
124 1163
1364 1215
169 1155
45 1165
258 1116
1408 1206
315 1035
137 1157
503 886
204 1151
1365 1206
257 1125
168 1151
126 1160
1361 1208
389 970
359 980
254 1117
532 873
217 1155
387 968
201 1148
51 1162
253 1126
575 865
1363 1201
308 1036
501 879
142 1150
172 1145
125 1154
575 861
176 1146
107 1158
529 867
368 971
248 1127
1361 1197
1368 1194
57 1159
174 1142
195 1144
370 970
244 1119
1359 1196
378 969
121 1151
1367 1192
145 1145
499 872
244 1128
574 856
224 1147
300 1037
110 1154
527 862
192 1142
1369 1191
1355 1196
226 1144
240 1129
63 1156
359 963
178 1136
238 1117
1397 1185
116 1148
573 851
148 1140
183 1138
1351 1197
1374 1189
497 865
184 1137
293 1038
116 1144
524 856
1395 1183
235 1116
180 1133
358 959
572 846
69 1153
1391 1184
144 1131
522 851
495 859
398 941
1344 1199
222 1129
1402 1176
153 1133
113 1138
229 1114
1388 1185
1382 1187
571 841
285 1039
146 1128
494 856
1341 1200
111 1135
219 1126
1340 1201
155 1129
76 1149
148 1125
519 845
223 1112
113 1133
397 934
570 835
106 1134
492 851
278 1040
1479 1246
220 1111
1342 1207
517 840
213 1122
82 1146
396 929
102 1136
1433 1170
569 830
160 1122
571 829
490 846
119 1130
357 939
210 1120
154 1116
1436 1168
214 1109
270 1041
98 1138
395 924
514 834
568 825
88 1143
570 824
488 841
163 1117
156 1113
211 1108
125 1127
157 1112
94 1140
154 1112
204 1116
567 820
263 1042
262 1034
394 917
486 836
367 924
261 1034
1445 1165
205 1106
380 918
150 1114
261 1032
131 1124
510 825
199 1114
165 1108
566 815
484 831
146 1116
134 1122
167 1106
256 1043
379 913
1450 1163
199 1104
565 811
508 820
482 827
393 907
171 1107
88 1114
142 1118
252 1044
196 1103
564 807
190 1112
378 907
1456 1161
249 1045
392 903
175 1108
505 814
259 1019
563 803
1306 1214
190 1101
377 902
245 1046
1461 1159
179 1109
1301 1190
568 799
562 799
187 1100
1453 1143
365 901
258 1011
391 893
561 795
1467 1157
501 805
372 897
1299 1219
238 1048
472 815
390 890
353 900
234 1030
388 889
560 791
1295 1220
567 789
69 1084
1478 1201
1472 1155
499 800
233 1028
232 1050
251 1004
559 787
1291 1221
1475 1154
352 894
173 1078
358 890
228 1051
1477 1156
350 892
496 794
175 1076
558 783
1287 1222
464 805
223 1044
388 877
495 790
557 779
15 1071
1283 1223
221 1053
181 1073
231 1014
556 775
1279 1224
458 799
357 878
257 987
250 987
1271 1207
555 771
215 1055
1275 1225
230 1009
1470 1121
1443 1107
188 1069
494 779
222 1009
453 796
554 767
1271 1226
211 1057
389 863
208 1044
256 979
450 794
553 763
194 1066
207 1059
221 1002
499 772
341 869
54 1049
552 759
445 791
228 996
203 1061
202 1037
56 1047
249 971
502 769
389 852
551 755
220 995
247 969
439 787
507 767
549 751
1470 1100
62 1043
548 750
242 967
219 988
200 1028
1288 1108
340 855
65 1041
434 784
512 765
226 983
199 1025
543 752
431 782
255 955
307 893
432 779
218 981
235 965
549 741
540 753
71 1037
518 762
1385 1070
1237 1206
225 975
426 780
547 737
197 1017
388 833
535 755
551 734
217 974
339 842
355 838
254 947
463 751
224 971
524 760
196 1013
545 733
422 777
77 1033
1384 1063
531 757
461 748
420 776
387 826
195 1009
189 1011
543 729
216 967
1273 1094
416 778
459 745
417 774
82 1030
1383 1056
1226 1197
541 725
386 820
193 1004
457 742
221 961
85 1028
33 1010
187 1004
354 825
338 828
215 960
1271 1087
1222 1194
539 721
88 1026
35 1008
1382 1050
1240 1118
385 814
218 956
186 1000
212 957
1269 1082
404 776
452 735
191 995
185 997
536 716
40 1005
1235 1121
90 1018
540 713
27 1001
454 733
94 1022
1381 1043
1216 1189
190 992
400 775
384 807
1435 1044
184 993
253 923
206 953
534 712
1469 1058
1267 1076
231 926
337 814
1212 1186
459 730
183 989
203 951
47 1001
100 1018
1380 1036
532 708
383 801
536 706
1265 1071
1227 1127
188 984
1468 1052
252 915
1208 1183
103 1016
390 774
464 727
530 704
265 894
102 1012
181 982
187 980
1379 1030
197 947
382 795
1223 1130
533 700
1467 1047
54 997
386 774
445 718
1263 1064
385 773
261 895
528 700
108 1013
385 776
186 976
336 801
193 945
447 716
258 896
1466 1042
179 976
381 789
471 723
353 796
1218 1133
386 788
111 1011
109 1008
1200 1177
1378 1023
526 696
530 694
1261 1059
450 714
379 787
246 903
178 973
184 971
352 793
251 902
188 946
61 993
114 1009
254 898
1465 1037
523 693
252 889
476 720
1209 1109
355 791
1259 1054
527 689
115 1005
251 887
1377 1016
183 947
176 967
456 710
528 687
519 695
1464 1032
120 1005
68 989
1209 1140
182 962
179 948
459 708
361 789
523 684
1186 1175
341 784
520 685
431 704
483 716
1376 1010
178 949
33 966
1463 1027
531 682
176 942
174 961
514 698
181 958
1256 1045
1204 1143
175 940
126 1001
484 709
173 958
517 680
75 985
488 713
51 964
1462 1022
465 704
1374 1004
246 875
535 678
509 701
1192 1118
1254 1040
1200 1147
519 675
426 696
173 935
1373 1001
361 758
515 676
489 706
1461 1017
80 982
493 710
505 703
332 775
411 700
471 700
517 671
541 674
512 673
358 754
493 704
423 691
1252 1033
171 929
245 866
1371 995
1408 993
1460 1012
519 669
474 698
498 701
544 672
80 971
421 688
87 978
522 667
507 676
1250 1028
249 860
406 693
169 924
1369 990
1459 1007
354 748
419 685
84 969
321 776
345 759
480 694
1368 987
244 857
18 943
550 668
167 919
1458 1002
403 688
351 744
528 663
1367 984
94 974
1248 1021
416 680
500 681
160 920
159 919
555 665
414 677
486 690
239 852
165 913
1457 996
508 654
533 660
555 661
1246 1016
311 777
1365 978
347 738
558 663
495 684
489 688
155 922
398 681
101 970
411 672
345 735
1456 991
234 848
1363 973
539 656
1244 1009
409 669
395 676
13 927
168 905
170 906
503 647
564 659
101 959
1362 970
342 731
301 778
108 966
1455 985
564 655
407 666
229 844
21 922
1361 967
1242 1004
544 653
173 901
570 655
1454 980
165 896
390 669
569 652
547 651
108 955
498 640
338 725
404 661
224 840
1240 999
1359 961
291 779
402 658
335 721
1453 974
387 664
178 894
220 837
576 651
13 912
1238 994
553 647
1357 956
400 655
218 836
493 633
24 907
580 650
1452 969
1356 953
578 646
219 831
181 889
491 630
1236 989
331 715
582 651
577 644
558 644
397 650
281 780
1355 950
214 840
220 828
382 657
329 712
584 654
1451 963
561 642
395 647
488 626
1234 984
1185 1015
1212 993
574 639
480 629
588 645
1353 944
379 652
186 882
486 623
326 708
210 846
224 822
1182 1015
1450 958
576 635
478 626
392 642
1232 979
571 636
591 643
567 638
588 661
484 620
208 849
578 633
1351 939
226 818
189 877
390 639
591 637
594 641
1449 952
6 891
374 646
322 702
475 621
581 631
1230 974
1350 936
481 616
388 636
1175 1020
597 639
591 667
1349 933
204 855
370 648
1172 1020
1448 947
479 613
147 868
1228 969
472 616
183 864
1171 1023
587 627
385 631
599 632
232 809
317 695
594 672
1347 928
476 609
1447 941
604 634
200 861
590 625
1226 964
383 628
1173 1027
364 652
197 866
186 860
44 885
315 692
234 805
474 606
601 673
1345 924
604 629
368 633
467 609
381 625
252 764
597 678
1446 936
1175 1031
360 654
1224 959
250 781
582 613
1167 995
251 762
610 630
471 602
596 621
609 626
238 799
464 604
1177 1035
378 620
310 685
247 784
600 683
1222 954
469 599
1445 930
1340 917
1163 992
51 877
363 626
229 792
354 658
312 683
582 606
376 617
610 666
616 626
614 623
602 617
1179 1040
241 794
244 789
1338 913
466 595
1444 925
315 681
350 660
603 689
580 602
360 621
1219 948
232 787
459 597
605 615
305 678
1157 988
373 612
1336 910
620 623
1181 1044
615 663
129 849
620 619
463 590
320 678
1443 919
130 847
1183 1048
456 592
344 664
607 695
302 673
1216 942
1152 985
611 611
624 617
369 606
626 619
1442 914
609 698
325 675
1331 903
292 676
574 593
1149 983
354 612
340 666
459 584
1214 937
623 657
629 617
298 667
290 673
1146 981
366 601
1329 899
451 585
617 607
122 838
1441 908
66 861
330 672
571 588
351 607
456 579
627 654
331 662
613 704
133 834
620 605
1211 931
633 611
287 668
295 662
635 613
448 580
454 576
1440 903
362 595
222 746
568 583
119 832
70 856
638 613
632 651
293 659
1324 892
604 584
637 609
580 577
452 573
617 710
251 726
346 600
1208 925
640 615
603 582
626 601
638 607
291 656
1439 897
582 575
359 590
111 831
116 827
619 713
450 569
642 618
1321 887
564 577
443 573
12 832
147 829
585 573
343 595
281 658
600 577
631 598
1438 892
1205 919
288 651
450 565
640 645
356 585
113 822
1318 882
561 572
211 737
151 824
646 624
340 590
1437 887
591 569
644 642
451 559
276 651
104 821
284 645
648 627
593 568
1201 912
352 579
110 816
558 567
103 820
83 842
208 732
1435 882
282 642
649 639
455 555
273 647
206 729
335 583
1312 873
1355 859
349 574
107 811
86 838
158 816
652 633
1433 877
554 561
1196 905
344 574
204 726
332 578
1309 868
104 806
1431 873
462 550
345 568
551 556
200 720
465 548
1429 868
343 564
1192 896
327 572
672 652
548 551
100 799
469 545
252 689
1303 859
645 566
1427 863
196 714
269 627
36 798
323 574
1477 857
1188 889
194 711
674 710
97 793
544 545
1425 859
319 576
1300 854
475 541
678 711
315 578
94 788
541 540
1423 854
253 627
330 553
479 538
190 705
1184 882
633 542
683 712
1421 850
188 702
248 628
310 581
91 783
538 535
1294 845
637 539
258 615
327 548
247 629
656 553
688 713
1324 829
1180 875
486 533
306 583
1419 845
655 550
258 610
184 696
1291 840
642 536
324 543
693 714
534 529
249 635
489 531
87 776
1166 876
302 585
653 546
1417 840
261 607
250 638
646 534
697 715
1176 868
321 538
704 700
531 524
651 542
180 690
1287 834
234 625
648 536
1415 836
297 588
580 508
83 770
702 716
267 604
252 644
178 687
307 541
497 525
230 627
318 533
615 511
528 519
293 590
713 613
1284 829
1413 831
714 679
1171 861
253 652
248 652
567 503
707 717
79 764
501 522
1147 870
304 536
289 592
1169 858
225 630
315 528
174 681
274 600
1411 826
77 761
524 513
712 718
1323 805
505 519
313 525
172 678
1166 854
221 632
284 595
1409 822
1278 820
300 530
74 757
521 509
164 679
1164 851
1320 800
520 508
310 520
510 515
1407 817
168 672
162 676
215 636
1275 815
297 525
1161 847
516 511
1317 794
160 673
726 577
1405 813
307 515
211 638
1159 844
294 520
164 666
1315 791
729 575
158 670
232 581
18 738
1403 808
166 664
1156 840
304 510
156 668
206 641
732 573
1269 806
392 515
1154 837
644 488
511 494
735 571
1401 803
229 575
202 643
151 670
171 661
301 505
1266 801
288 511
509 490
1151 833
1099 864
1399 799
147 672
740 568
398 511
226 570
157 654
298 500
1149 830
196 647
1097 861
285 506
743 566
178 657
52 725
401 509
566 464
143 674
155 651
1397 794
149 655
505 484
223 565
54 723
192 649
1146 826
1305 773
746 564
295 495
153 648
1260 792
732 538
139 676
1395 790
282 501
183 654
210 571
503 480
57 721
1144 823
146 650
749 562
293 492
407 505
183 641
1302 768
565 455
1257 787
1301 767
134 678
752 560
219 558
144 646
1089 851
1141 819
411 502
148 641
290 487
277 495
499 474
63 717
510 467
276 495
1405 776
130 680
757 557
1298 761
66 715
1253 781
497 470
140 640
287 482
215 551
1084 845
126 682
417 498
507 462
760 555
533 451
1136 812
144 635
122 672
1082 842
1295 756
120 675
1250 776
420 496
505 459
763 553
122 684
120 669
72 711
284 477
1399 768
493 464
136 633
766 551
1298 753
211 544
118 666
118 686
282 474
139 628
1130 805
502 454
261 494
1258 764
491 460
527 443
77 708
426 492
769 549
134 629
196 550
29 692
211 540
284 472
141 626
500 451
257 493
31 690
80 706
114 690
1244 767
1098 817
287 470
1393 760
524 439
114 660
1293 744
212 536
430 489
502 449
1305 748
1075 831
193 546
115 692
774 546
131 624
73 695
487 454
146 623
34 688
253 495
522 437
1124 798
105 665
505 447
1308 746
485 452
191 543
72 692
1241 762
1390 756
777 544
213 531
579 423
275 464
134 617
111 655
86 702
264 470
293 466
118 697
518 439
436 485
542 425
189 540
151 620
780 542
248 498
214 527
109 652
40 684
1387 752
510 444
480 455
544 423
296 464
69 687
576 418
439 483
272 459
131 612
187 537
1118 791
261 465
783 540
1069 821
100 693
1315 741
107 649
125 614
43 682
92 698
156 617
547 421
243 501
215 522
81 685
1384 748
270 456
185 534
1235 753
66 682
573 413
302 460
258 460
788 537
124 706
1066 816
237 496
445 479
216 518
268 453
104 644
183 531
473 460
122 609
127 605
161 614
552 418
238 504
49 678
1381 743
78 676
1322 736
791 535
87 663
570 409
1111 783
63 677
219 515
1231 747
180 528
120 605
449 476
585 405
569 408
127 711
265 448
234 506
468 463
194 516
163 608
308 456
1325 734
794 533
254 454
166 611
557 415
1414 727
100 638
229 493
60 673
1229 743
189 516
55 674
123 598
483 426
565 410
176 531
1061 807
227 494
53 670
797 531
224 512
311 454
1318 722
117 600
98 635
227 490
595 399
1059 806
177 521
455 472
251 449
1105 776
171 608
261 442
52 667
1374 734
800 529
1057 807
186 511
225 487
120 593
1332 729
115 596
480 421
598 396
171 603
133 720
175 517
95 630
125 725
317 450
170 536
1224 736
1426 715
248 444
258 437
49 662
805 526
77 643
93 627
183 506
127 728
222 482
477 416
167 538
1099 769
1264 711
136 725
1369 727
111 590
256 434
604 392
163 535
116 586
1221 731
171 511
1339 724
91 624
129 731
317 439
220 479
323 446
475 413
46 657
173 594
244 438
254 431
180 501
607 390
811 522
109 586
1342 722
1261 706
477 411
316 436
169 507
326 444
174 591
158 538
550 386
1218 726
44 653
242 434
88 619
217 474
814 520
1093 762
1046 792
112 579
133 737
251 426
1363 719
177 496
1060 780
106 581
142 734
1258 701
482 408
613 386
817 518
157 546
153 541
135 740
312 430
547 381
165 501
332 440
175 493
1349 717
79 618
214 469
40 647
1041 789
109 574
84 613
103 577
1213 719
168 583
150 543
1040 824
137 743
145 739
43 643
102 576
1255 696
487 405
310 426
247 420
153 550
212 466
822 515
163 497
111 572
1305 686
1038 787
77 614
236 425
544 376
606 372
82 610
38 643
1357 712
172 488
148 540
139 746
1211 715
41 640
620 381
338 436
1303 682
1036 829
1252 691
97 579
541 373
492 402
244 415
170 485
141 749
146 537
209 461
39 637
341 434
306 420
102 567
233 420
79 605
163 576
828 511
1054 765
73 607
242 412
119 568
1031 782
34 636
537 375
37 634
626 377
567 361
77 602
1249 686
139 549
1206 708
497 399
304 416
167 480
143 532
206 456
1415 682
240 409
230 415
1299 675
1036 837
1471 677
161 561
629 375
347 430
90 584
75 599
1027 779
834 507
1037 838
98 560
141 529
204 453
34 629
444 396
125 565
69 601
1246 681
30 630
345 422
1203 703
531 379
502 396
632 373
164 475
350 428
133 552
73 596
1039 835
237 404
67 599
136 559
1023 776
85 587
226 409
839 504
95 555
1295 668
138 524
28 626
201 448
349 420
527 381
130 562
76 593
298 407
1243 676
1200 698
30 623
507 393
161 470
355 425
63 601
440 389
600 347
1019 773
224 405
638 369
590 346
150 476
136 521
199 445
25 623
233 398
28 620
296 403
159 467
358 423
845 500
1040 851
59 603
1240 671
355 416
521 385
512 390
91 548
1291 661
30 618
236 396
642 366
21 625
147 471
133 516
196 440
634 355
436 382
126 520
1043 744
55 605
305 393
156 462
850 497
1304 653
816 448
1194 689
292 397
1237 666
364 419
131 513
88 543
241 394
187 441
361 413
218 396
852 496
303 390
815 446
36 615
144 466
122 522
1305 650
193 435
648 362
233 387
51 607
15 629
1287 654
90 541
433 377
367 417
290 393
153 457
1191 684
1234 661
128 508
431 375
856 499
215 391
300 385
11 631
812 441
141 461
117 525
190 430
367 409
46 610
42 612
183 434
33 604
95 538
654 358
150 452
373 413
427 377
1283 647
286 387
1231 656
188 427
371 407
233 377
212 386
297 380
124 502
181 430
657 356
138 456
148 449
112 528
862 504
5 635
100 535
1185 675
122 499
236 374
1228 651
283 382
806 433
185 422
865 506
379 409
538 324
294 375
53 554
81 526
1 637
1279 640
420 382
135 451
145 444
107 531
377 403
208 380
177 424
183 419
584 315
382 407
664 351
1182 670
292 372
119 494
79 523
1225 646
280 377
803 428
381 401
206 376
175 420
415 385
132 446
142 439
243 369
413 382
608 312
77 520
117 491
180 414
1275 633
289 367
1222 641
388 403
277 372
140 436
246 367
670 347
997 739
130 442
1369 638
1408 630
172 415
138 435
1468 625
408 385
387 397
74 515
114 486
471 332
1220 638
275 369
673 345
1176 661
177 409
848 434
797 420
211 362
408 390
1398 628
250 364
286 362
137 431
1222 636
1271 626
992 736
200 367
105 488
391 395
1406 625
394 399
413 351
175 406
169 410
273 365
403 388
283 359
71 510
111 481
1019 712
1173 656
1225 634
1405 622
794 415
283 357
1395 623
397 397
403 393
1184 648
1031 702
411 348
679 341
881 522
124 433
134 426
197 362
53 518
69 507
102 483
109 478
396 392
207 355
172 401
166 405
257 359
281 354
1267 619
1029 699
269 359
1403 617
1392 618
122 429
983 732
408 343
1169 650
1231 630
131 421
164 401
194 357
66 502
99 478
106 473
685 337
882 529
204 350
169 396
1390 615
278 349
266 355
788 407
1234 628
1401 612
263 355
129 418
978 730
1263 613
1025 693
104 470
689 336
405 338
1166 645
167 393
637 293
118 423
276 346
881 534
96 473
63 497
657 302
574 283
1302 599
1261 611
201 345
1387 610
160 395
190 351
785 402
264 348
1399 607
1239 625
1022 689
126 413
116 419
972 729
101 465
164 388
880 539
1257 613
273 341
263 345
867 417
158 391
1024 687
93 468
60 492
401 332
1242 623
515 288
187 346
1397 602
699 335
967 729
197 338
123 408
1027 685
984 707
1160 636
1245 621
879 544
513 285
161 383
112 413
1445 593
97 459
270 336
90 463
57 487
398 327
1294 588
900 452
779 394
121 405
703 334
1395 597
1248 619
511 282
258 338
159 380
194 333
95 456
153 383
878 549
110 409
1157 631
903 450
658 284
1033 681
267 331
509 279
776 389
118 400
1393 592
86 457
53 481
151 379
255 333
179 336
156 375
877 554
191 328
92 451
507 276
782 382
908 447
638 269
1038 678
106 403
392 318
264 326
84 453
898 554
1391 587
90 448
505 273
115 395
907 440
50 476
900 428
876 559
252 328
911 450
153 370
1151 622
114 393
878 561
104 399
147 372
770 381
801 368
389 313
187 321
261 321
903 426
1389 582
151 367
1044 674
618 256
87 443
502 268
112 390
902 559
912 437
875 564
80 447
47 471
721 332
877 565
172 327
1003 667
891 405
1148 617
804 365
915 456
978 682
500 265
935 514
110 387
904 562
767 376
1324 567
100 393
45 468
247 321
184 316
258 316
143 366
1044 666
1387 577
148 362
1049 671
874 569
385 307
84 438
673 270
909 422
77 442
727 331
498 262
1158 604
98 389
918 461
919 432
1052 669
141 362
82 435
810 361
107 382
1143 611
244 316
42 463
1385 572
181 311
907 568
496 259
873 574
941 510
974 675
382 302
254 310
74 437
144 356
900 398
813 359
915 418
1469 560
761 368
734 330
164 317
1139 613
924 429
921 466
79 430
945 508
104 377
1383 567
972 671
872 579
94 383
241 311
39 458
1058 665
493 254
918 416
910 574
251 305
137 355
946 506
71 432
923 469
141 351
378 296
77 427
1038 646
905 395
970 668
738 334
758 363
491 251
92 379
873 584
176 302
1048 649
1381 562
101 372
820 354
36 453
159 311
1063 662
931 563
937 457
912 579
248 300
1132 618
943 501
931 424
489 248
1455 550
968 664
68 427
1446 550
924 412
174 299
926 474
138 346
133 349
236 304
375 291
74 422
1018 637
823 352
34 450
765 352
157 308
1066 660
1379 557
742 340
487 245
98 367
88 373
927 410
965 660
245 295
131 345
936 421
938 424
406 267
752 355
171 294
135 341
233 299
744 343
939 495
485 242
96 364
64 421
31 445
153 304
930 480
1377 552
914 588
70 416
86 369
1141 586
1124 623
829 348
1072 656
950 556
242 290
933 406
369 282
747 347
68 413
966 506
62 417
155 297
168 289
149 306
132 336
230 294
936 490
1061 639
482 237
93 359
28 440
1375 547
933 485
943 416
240 287
1119 626
126 337
170 287
1077 653
82 363
130 333
26 437
836 343
366 277
65 408
144 309
939 402
1080 651
90 354
1373 542
58 411
124 333
478 231
948 413
237 282
80 359
927 382
175 284
839 341
225 287
63 405
127 328
1113 630
162 281
942 400
88 351
23 432
922 601
363 272
235 279
139 312
964 447
1371 537
1058 623
55 406
1086 647
86 348
120 327
180 281
924 604
474 225
222 282
60 400
1108 633
75 353
159 276
135 314
845 337
955 408
20 427
123 322
118 325
948 396
657 211
1369 532
89 345
183 279
926 607
742 265
235 272
58 397
984 500
125 320
1091 644
848 335
358 265
18 424
471 220
219 277
70 355
156 271
960 405
50 398
238 269
1367 527
113 328
654 206
1094 642
665 207
188 276
929 612
852 333
356 261
954 392
55 392
66 357
15 419
854 333
1099 639
96 340
153 266
931 615
81 335
1012 599
467 214
957 390
47 393
1365 522
357 255
856 335
214 270
819 303
244 265
62 359
988 481
52 387
99 338
194 273
967 400
933 618
386 235
12 414
858 338
105 334
1182 525
351 254
1246 510
247 263
464 209
1363 517
50 384
44 388
648 197
947 366
58 361
149 260
963 386
947 364
10 411
210 265
363 242
972 397
200 270
348 249
1361 512
54 363
47 379
41 383
676 194
645 192
206 267
146 255
253 259
1228 509
460 203
7 406
831 295
1 409
1037 585
969 382
1359 508
50 365
646 187
144 252
345 244
954 358
207 256
38 378
964 369
1226 504
43 373
973 380
4 401
981 391
259 255
1357 504
46 367
456 197
951 355
111 271
734 216
1369 498
980 389
35 375
141 247
41 370
639 183
2 398
204 251
262 253
1014 485
1355 500
947 352
453 192
31 377
0 395
990 392
339 235
138 242
636 178
201 246
1353 496
2 393
267 250
451 189
884 321
27 379
943 349
136 239
996 389
336 230
886 323
1351 492
24 368
719 189
632 172
197 240
939 346
260 234
1452 474
273 246
133 234
9 389
1115 521
1000 387
63 301
20 383
1019 441
218 226
889 329
276 244
332 224
935 343
629 167
194 235
819 262
1003 390
1116 515
216 223
130 229
1383 472
114 237
955 329
1041 513
931 340
887 297
1345 481
214 220
329 219
267 226
128 226
892 335
733 184
348 206
282 240
191 230
1006 395
212 217
1343 477
1229 468
285 238
1008 398
901 308
1029 433
737 181
925 341
894 340
623 158
214 215
125 221
1035 462
324 213
187 224
1028 430
1236 461
217 213
123 218
1340 472
347 196
921 343
1011 403
896 290
620 153
291 234
320 215
897 346
743 177
917 340
184 219
1338 468
286 223
1022 378
120 213
1024 424
916 346
223 209
296 231
1015 409
819 239
1336 464
616 147
1224 454
900 352
749 173
181 214
226 207
347 184
987 320
313 220
1236 448
299 229
117 208
1021 419
690 139
23 290
1334 460
752 171
1018 414
406 156
627 135
613 142
302 227
115 205
308 223
177 208
724 148
232 203
281 201
1331 455
423 146
281 199
758 167
1001 320
112 200
425 144
174 203
990 306
1329 451
238 199
279 195
762 165
607 133
1259 427
428 142
1230 433
764 163
108 194
1327 447
241 197
60 232
171 198
732 139
696 123
277 191
766 162
918 269
604 128
433 139
1325 443
1069 438
276 188
1227 428
105 189
1419 421
770 159
247 193
167 192
1070 424
1106 463
608 119
274 184
438 136
1322 438
600 122
102 184
272 180
441 134
164 187
240 177
776 155
1320 434
253 189
100 181
633 103
1221 419
1144 437
597 117
270 178
313 164
332 152
256 187
745 126
1318 430
446 131
161 182
97 176
782 151
1218 414
740 119
265 181
310 159
416 116
992 275
1316 426
1086 420
451 128
158 177
778 139
327 145
94 171
591 108
1314 422
307 154
305 155
788 147
454 126
92 168
163 167
435 108
324 140
791 145
1212 405
154 171
588 103
910 220
304 149
459 123
1310 415
89 163
665 79
903 211
321 135
1209 400
151 166
654 77
797 141
87 160
301 144
584 97
464 120
1308 411
328 126
773 114
467 118
148 161
1306 407
84 155
409 94
298 139
581 92
316 128
803 137
710 77
1203 391
82 152
472 115
806 135
1303 402
1373 381
313 124
144 155
295 134
312 123
809 133
297 132
1200 386
79 147
1301 398
1091 340
477 112
287 134
575 83
141 150
308 125
973 234
300 130
77 144
1094 338
322 110
480 110
1299 394
1372 372
815 129
742 76
1108 374
1196 380
572 78
1097 336
866 165
138 145
698 58
1399 365
1366 369
1297 390
74 139
485 107
339 95
1100 334
982 226
1198 373
1193 375
72 136
821 125
634 49
1130 386
1114 370
568 72
152 129
1294 385
134 139
74 134
490 104
1132 384
824 123
293 113
963 215
1118 368
1305 375
1292 381
493 102
1107 329
1135 382
569 65
565 67
131 134
79 131
568 63
829 120
249 110
1110 327
856 153
1187 366
1290 377
1123 365
498 99
1140 379
128 129
84 128
560 61
1288 373
853 149
1127 363
1184 361
1143 377
834 125
423 53
1116 323
504 95
556 63
89 125
457 55
124 123
1119 321
1285 368
738 43
1148 374
838 130
1295 361
1336 347
1134 359
1070 248
1179 355
958 183
509 92
1283 364
94 122
1123 318
121 118
550 67
739 38
1153 371
845 139
1175 357
127 112
842 135
584 32
379 47
1281 360
1140 355
514 89
740 34
1156 369
99 119
118 113
545 70
564 38
1129 314
1279 356
1144 353
788 52
741 29
115 110
1132 312
396 36
519 86
1161 366
104 116
1066 225
540 73
787 49
430 31
1166 363
1079 233
111 112
742 24
1137 309
524 83
535 76
367 35
217 69
743 20
899 123
783 43
1187 326
954 152
527 81
651 1
1092 238
1141 313
458 25
137 83
363 31
744 15
500 45
854 84
811 47
780 38
831 60
168 66
357 28
804 39
745 10
1145 319
861 84
777 33
746 6
1148 323
846 59
774 28
750 2
1174 310
1196 302
1345 300
340 20
859 64
1194 299
770 22
1408 288
1192 296
342 11
768 18
977 133
36 69
969 125
153 46
1134 240
1189 291
1377 282
150 44
208 33
287 27
1122 217
1434 274
859 41
762 9
326 1
760 5
35 53
897 74
203 23
252 26
932 86
1357 272
971 104
1283 283
148 23
1281 279
140 22
943 73
961 82
1278 273
890 32
1180 244
1276 269
1274 265
1186 240
1189 238
1272 261
38 12
1270 257
1027 102
944 49
1195 234
1376 230
1188 222
1268 253
1199 231
1199 230
1266 249
1461 215
1264 245
1342 223
1208 225
1177 179
1260 238
936 23
1214 221
1258 234
1256 230
1221 216
1254 226
1083 85
1252 222
1227 212
1250 218
1248 214
1233 208
1115 84
1246 210
1239 204
1043 44
1244 206
1107 74
994 9
1013 19
1214 159
1398 164
1471 157
1152 84
1096 49
1265 175
1210 124
1396 147
1083 33
1399 146
1426 143
1221 117
1459 132
1413 133
1369 128
1302 137
1447 116
1252 126
1293 129
1375 108
1363 109
1186 37
1278 117
1330 102
1310 95
1250 58
1302 84
1338 73
1244 16
1269 22
1299 44
1375 26
1315 24
