226 114
214 97
208 128
214 95
215 92
217 86
218 83
196 134
220 80
262 131
263 132
225 80
194 143
262 136
229 81
261 140
276 120
233 82
277 118
192 151
260 144
237 83
259 148
280 112
191 157
241 84
192 159
258 152
282 108
245 85
224 52
257 157
198 162
278 104
162 87
256 161
160 84
241 52
255 165
245 52
254 169
157 78
235 40
250 54
253 173
154 73
237 35
255 56
309 99
258 182
150 66
260 58
239 28
179 190
311 92
178 193
256 188
265 60
241 23
147 60
255 191
313 87
242 20
270 62
144 55
315 82
260 24
253 198
261 23
252 199
316 80
313 78
248 197
140 48
170 209
140 46
232 10
183 214
306 76
273 24
142 41
227 8
125 49
188 218
301 74
121 51
144 36
222 6
169 223
146 33
192 221
117 53
317 58
217 4
294 72
285 25
150 33
95 149
113 55
197 225
212 2
155 35
108 58
201 228
168 237
158 36
207 0
296 26
166 238
104 60
206 232
100 62
159 16
231 236
168 247
163 16
308 27
95 65
225 235
363 55
164 254
91 67
168 18
192 257
168 259
171 19
87 69
320 28
160 261
168 265
82 72
365 42
91 221
178 5
202 267
78 74
156 268
366 37
183 5
88 227
331 29
74 76
367 33
169 276
238 270
153 273
187 6
365 32
171 277
86 232
69 79
151 277
191 7
67 214
233 277
65 81
60 208
83 238
195 8
343 30
231 281
61 83
147 284
80 244
145 287
53 204
54 215
79 247
71 244
54 87
179 298
50 89
234 297
182 300
80 257
41 216
40 217
232 301
43 93
188 303
230 305
142 310
38 96
81 268
77 268
228 309
194 306
41 227
43 228
138 313
34 98
48 245
226 313
47 243
200 309
30 100
224 317
82 278
17 204
131 318
26 102
222 320
206 312
218 318
10 200
212 315
83 289
20 108
21 110
125 328
3 196
24 115
120 331
0 194
94 310
110 328
