401 1031
421 1041
428 1046
372 1042
371 1041
371 1044
432 1049
371 1049
435 1051
360 1029
370 1002
439 1054
372 1056
390 986
352 1030
443 1057
373 1063
449 1059
345 1031
374 1070
454 1061
389 970
337 1032
387 968
459 1063
375 1077
330 1033
464 1065
368 971
376 1084
378 969
464 1073
370 970
469 1067
467 1074
322 1034
377 1091
474 1069
471 1076
369 1096
315 1035
358 959
478 1071
367 1097
378 1098
478 1079
381 1100
308 1036
486 1070
482 1081
484 1083
387 1103
354 1099
300 1037
494 1069
393 1106
350 1100
486 1092
293 1038
486 1095
502 1068
397 1112
347 1110
399 1109
367 924
484 1099
380 918
285 1039
404 1112
483 1102
337 1102
509 1066
338 1111
379 913
512 1065
333 1103
481 1107
278 1040
410 1115
516 1064
378 907
411 1120
479 1111
329 1112
520 1063
416 1118
478 1114
377 902
270 1041
415 1122
320 1105
476 1119
365 901
419 1124
320 1113
527 1061
482 1122
372 897
423 1122
263 1042
530 1072
262 1034
316 1106
474 1123
353 900
531 1060
261 1032
532 1074
426 1128
429 1125
256 1043
311 1114
472 1128
352 894
350 892
252 1044
431 1131
534 1083
470 1133
304 1108
435 1128
540 1053
534 1085
249 1045
388 877
259 1019
435 1133
302 1115
533 1088
468 1138
473 1140
245 1046
441 1131
296 1109
297 1116
357 878
440 1136
466 1143
444 1133
531 1094
258 1011
293 1110
548 1047
465 1144
470 1146
293 1117
238 1048
444 1138
470 1148
530 1097
234 1030
389 863
450 1136
288 1118
233 1028
474 1151
285 1111
449 1141
232 1050
251 1004
458 1140
528 1104
284 1119
282 1112
341 869
228 1051
548 1033
526 1108
480 1155
279 1120
223 1044
389 852
524 1112
221 1053
275 1121
231 1014
486 1159
270 1114
485 1162
257 987
271 1122
340 855
522 1117
250 987
215 1055
489 1161
230 1009
572 1101
222 1009
547 1018
520 1121
266 1123
307 893
211 1057
485 1169
493 1164
527 1125
208 1044
262 1115
575 1104
256 979
262 1124
518 1125
259 1116
207 1059
545 1012
221 1002
388 833
578 1108
339 842
355 838
481 1175
500 1164
257 1125
516 1130
228 996
203 1061
501 1162
202 1037
543 1007
249 971
199 1055
479 1179
220 995
253 1126
251 1117
387 826
521 1136
514 1134
247 969
198 1064
248 1118
541 1002
496 1182
504 1156
248 1127
512 1138
386 820
242 967
219 988
475 1185
200 1028
194 1066
244 1119
354 825
338 828
499 1186
190 1060
539 997
244 1128
506 1151
226 983
199 1025
510 1143
473 1189
190 1068
385 814
515 1147
240 1129
255 955
238 1117
218 981
235 965
537 992
503 1191
184 1063
235 1116
185 1071
225 975
197 1017
469 1196
384 807
535 987
506 1195
217 974
179 1066
254 947
337 814
181 1073
224 971
196 1013
229 1114
533 982
383 801
231 1138
177 1075
510 1200
465 1202
195 1009
189 1011
216 967
173 1069
265 894
223 1112
188 1008
463 1206
173 1078
513 1204
531 976
382 795
193 1004
220 1111
596 1142
221 961
261 895
168 1072
624 1030
187 1004
336 801
215 960
225 1145
516 1208
258 896
353 796
529 970
381 789
218 956
186 1000
459 1212
386 788
214 1109
629 1031
212 957
352 793
162 1075
173 1087
379 787
528 967
254 898
467 1219
191 995
185 997
211 1108
252 889
457 1216
520 1213
220 1151
355 791
252 900
634 1032
190 992
251 887
184 993
385 781
253 923
157 1078
206 953
175 1093
231 926
251 903
526 961
464 1225
523 1217
638 1033
205 1106
183 989
203 951
176 1096
361 789
341 784
453 1223
640 1035
206 1146
385 775
463 1229
178 1097
452 1224
214 1158
384 774
151 1081
188 984
252 915
524 955
387 774
527 1222
642 1019
199 1104
463 1232
642 1040
643 1017
181 982
523 952
187 980
197 947
246 875
196 1103
146 1084
530 1226
185 1099
209 1164
445 1220
186 976
193 945
395 774
521 947
179 976
332 775
644 1047
533 1230
165 1110
140 1087
440 1217
178 973
520 943
184 971
245 866
188 946
401 775
204 1170
157 1112
646 1052
436 1215
249 860
183 947
474 1245
176 967
596 1182
518 937
643 1001
406 776
201 1174
133 1091
645 1000
321 776
648 1057
345 759
594 1183
432 1213
184 1137
244 857
188 1130
182 962
179 948
647 999
360 757
517 933
477 1249
178 949
198 1178
411 777
593 935
181 959
176 942
174 961
552 1234
127 1094
342 754
175 940
595 933
652 1002
173 958
179 1142
239 852
149 1123
195 1182
515 927
425 1209
556 1232
651 1066
417 778
311 777
122 1097
173 935
514 923
192 1186
146 1128
175 1147
234 848
420 1206
422 779
561 1230
653 1071
642 984
485 1259
336 745
116 1100
171 929
189 1190
416 1204
512 917
172 1151
565 1228
301 778
427 780
229 844
558 1250
141 1135
333 740
511 913
186 1194
169 924
111 1103
431 782
656 1080
570 1226
168 1156
224 840
146 1143
401 727
138 1140
183 1198
173 1189
167 919
509 907
658 1085
291 779
329 734
575 1224
105 1106
673 1078
495 1271
160 920
164 1161
220 837
576 1222
159 919
143 1148
641 966
180 1202
508 903
403 1251
218 836
404 721
440 788
165 913
568 896
326 729
498 1275
100 1109
141 1151
161 1165
219 831
133 1147
178 1205
423 1276
570 895
155 922
626 925
661 1094
281 780
506 897
214 840
220 828
164 1182
139 1154
629 931
445 791
111 1135
130 1152
322 723
94 1112
505 894
157 1170
175 1211
161 1180
170 906
129 1153
417 1280
408 712
663 1099
136 1159
450 794
504 890
210 846
224 822
156 1180
414 1282
153 1173
154 1174
137 1161
89 1115
506 1285
319 718
637 930
670 1199
115 1142
127 1158
173 901
154 1179
640 949
172 1217
208 849
503 886
639 932
226 818
87 1112
113 1146
165 896
536 1273
122 1148
117 1145
141 1164
456 798
666 1108
681 1101
412 703
151 1182
510 1290
124 1163
170 1222
375 1237
315 712
682 1104
645 924
412 1293
411 700
454 733
581 1279
324 705
204 855
178 894
531 1276
501 879
84 1106
460 801
128 1170
668 1113
646 922
648 929
371 1239
683 1107
453 726
322 702
312 707
528 1278
167 1228
147 1189
447 716
232 809
459 730
517 1285
181 889
585 1284
320 699
686 1201
457 724
200 861
81 1100
525 1280
685 1112
499 872
465 806
406 693
118 1172
124 1176
234 805
365 1243
165 1233
575 864
476 770
688 1198
686 1115
198 864
308 701
671 1122
498 869
252 764
464 727
453 712
317 695
122 1179
143 1196
589 1289
250 781
462 721
575 861
251 762
687 1118
403 688
115 1177
78 1094
469 811
361 1246
102 1163
186 882
497 865
456 710
315 692
481 768
120 1182
400 1304
238 799
673 1127
691 1193
162 1239
305 696
688 1121
247 784
123 941
466 719
194 870
574 856
484 767
593 1294
313 689
229 792
140 1202
471 723
689 1124
75 1089
75 1150
189 877
111 1183
495 859
192 873
241 794
474 817
694 1188
398 681
365 1253
462 706
116 1188
244 789
136 1204
690 1127
471 716
573 851
159 1245
148 1238
96 1170
301 690
310 685
596 1298
489 765
694 1186
494 856
232 787
476 720
676 1136
137 1208
312 683
72 1083
108 1188
367 1257
693 1183
134 1208
147 868
475 714
527 1316
395 676
572 846
692 1132
478 822
113 1193
494 763
468 702
298 685
492 851
315 681
600 1303
678 1141
135 1213
157 1253
630 1269
646 892
305 678
497 762
90 1177
483 716
471 700
571 841
480 711
69 1077
691 1177
644 891
530 1321
111 1198
131 1214
694 1138
482 827
104 1195
490 846
144 1251
320 678
604 1308
390 669
294 679
631 1275
484 709
132 1219
502 760
302 673
129 1218
107 956
488 713
689 1172
109 1203
570 835
155 1261
484 832
102 1200
477 696
681 1150
488 841
696 1144
505 759
65 1070
325 675
84 1184
535 1328
387 664
291 674
127 1222
608 1313
632 1281
489 706
569 830
107 1208
387 1331
493 710
571 829
298 667
687 1166
100 1205
683 1155
222 746
510 757
537 1332
100 960
698 1150
82 1189
125 1226
141 1263
483 692
330 672
128 1228
399 653
153 1269
62 1064
251 726
612 1318
494 703
568 825
633 1287
287 668
105 1213
701 1251
570 824
98 1210
295 662
382 657
397 650
486 690
140 1267
700 1155
80 1194
123 1231
380 1335
516 755
500 706
129 849
335 669
634 1291
712 1246
498 701
700 1255
675 1275
395 647
567 820
93 964
59 1058
44 1166
126 1235
542 1339
96 1214
103 1218
139 1271
130 847
284 663
122 1234
151 1277
379 652
42 1168
78 1199
521 753
699 1259
291 656
502 699
492 686
375 1338
505 703
121 1237
125 1239
340 666
676 1280
138 1275
566 815
718 1248
392 642
211 737
42 1171
94 1219
101 1223
545 1344
56 1052
635 1299
698 1263
86 968
280 657
137 1279
76 1204
526 751
565 811
288 651
119 1242
149 1285
529 758
370 1341
123 1244
374 646
636 1302
677 1286
345 663
54 1049
44 1175
498 682
208 732
99 1228
122 838
509 695
697 1267
71 1205
529 750
512 699
724 1251
388 636
118 1245
286 648
56 1047
564 807
549 1350
277 652
91 1227
725 1254
501 680
370 648
46 1179
206 729
74 1210
148 1291
70 1209
696 1271
79 972
366 1336
678 1292
350 660
59 1045
536 755
534 748
563 803
514 692
517 696
637 1310
119 832
204 726
89 1231
69 1212
116 1251
552 1355
48 1183
695 1275
282 642
72 1215
537 747
97 1237
568 799
363 1332
120 1255
638 1313
562 799
507 676
364 652
88 1234
272 646
679 1298
518 690
115 1254
355 657
541 753
96 1240
48 1037
50 1187
65 1041
72 976
694 1279
116 827
368 633
136 1296
500 663
523 693
521 688
697 1281
147 829
561 795
135 1297
70 1220
200 720
542 745
360 1328
67 1219
86 1239
512 673
380 623
66 1220
68 1039
680 1304
499 660
70 973
557 1362
546 751
52 1191
118 1262
354 1351
520 685
526 696
114 1261
545 744
560 791
65 1218
113 822
548 750
693 1285
45 1031
567 789
378 620
68 1225
252 689
310 1297
515 676
151 824
94 1248
559 1366
84 1244
363 626
128 1295
550 752
196 714
68 1227
640 1325
549 742
67 968
54 1196
559 787
349 1354
117 1268
376 617
74 1035
495 654
529 702
113 1268
104 821
125 1294
93 1252
42 1026
62 1212
194 711
548 739
110 816
692 1292
103 820
82 1249
558 783
56 1200
360 621
314 1303
522 667
81 1250
682 1316
493 650
269 627
696 1295
344 1357
121 1293
92 1256
563 1373
373 612
79 1032
546 735
552 760
72 1234
641 1333
63 961
557 779
532 708
107 811
158 816
58 1204
535 678
79 1247
316 1307
112 1276
190 705
371 609
60 994
683 1321
82 1030
117 1292
691 1299
91 1260
38 1019
147 1320
695 1300
642 1336
116 1295
544 731
74 1238
339 1360
556 775
538 676
528 663
489 644
116 1290
188 702
369 606
114 1297
147 1323
567 1380
104 806
253 627
535 714
354 612
554 768
59 954
684 1327
542 727
111 1283
487 640
432 1413
35 1013
88 1026
93 830
334 1363
109 1292
53 998
533 660
643 1344
20 1213
366 601
544 672
248 628
570 1385
540 723
429 1415
184 696
33 1010
148 1330
538 719
247 629
351 607
331 1365
258 615
536 658
685 1333
644 1347
100 799
49 1000
364 598
35 1008
55 947
90 1018
483 634
426 1417
90 1274
103 1290
572 1389
94 1022
491 630
539 656
362 595
328 1361
258 610
550 668
301 1325
24 1220
249 635
100 1289
686 1339
149 1337
180 690
94 1016
340 1386
44 1003
89 1278
481 630
97 793
40 1005
488 626
346 600
553 666
250 638
261 607
84 840
544 653
420 1421
178 687
325 1357
51 940
100 1018
359 590
576 1396
94 1293
486 623
27 1225
687 1345
234 625
94 1287
646 1359
253 652
248 652
94 788
103 1016
89 1285
343 595
357 587
150 1345
558 663
556 660
322 1353
252 644
10 1005
415 1424
29 1229
267 604
542 639
89 1291
326 1386
230 627
103 1011
579 1401
308 1334
550 649
174 681
475 621
688 1351
47 933
559 658
88 1293
91 783
412 1426
108 1013
319 1349
340 590
354 582
348 1397
553 647
647 1367
172 678
107 1009
581 1405
151 1352
76 849
32 1234
564 659
547 636
225 630
563 656
324 1393
409 1428
695 1334
479 613
648 1370
320 1390
472 616
689 1357
274 600
164 679
316 1345
690 1358
567 657
583 1409
34 1238
351 1402
558 644
221 632
114 1009
350 576
87 776
317 1392
552 633
113 1006
168 672
476 609
162 676
152 1359
335 583
404 1431
694 1356
561 642
585 1413
117 1007
280 597
85 773
314 1394
696 1342
570 651
474 606
160 673
37 1243
467 609
573 653
347 571
557 630
118 1003
215 636
36 921
332 578
83 770
587 1417
356 1409
67 859
164 666
158 670
650 1382
311 1390
398 1435
39 1247
471 602
80 1309
692 1370
567 638
575 648
123 1003
309 1399
166 664
561 628
122 1001
464 604
156 668
578 650
211 638
287 593
589 1421
395 1437
288 1357
469 599
343 565
696 1372
359 1414
578 646
485 1460
140 1372
581 650
571 636
79 764
693 1375
590 1424
327 572
42 1252
344 563
232 581
577 644
307 1384
128 1000
151 670
171 661
651 1390
583 652
206 641
422 1461
482 1462
466 595
111 1350
567 624
77 761
390 1440
293 590
698 1377
592 1428
323 574
44 1256
459 597
652 1393
138 1378
694 1381
147 672
304 1380
58 869
301 1406
202 643
424 1465
387 1442
157 654
229 575
571 622
300 1407
74 757
109 1355
66 1311
463 590
594 1432
586 658
319 576
476 1465
24 908
178 657
137 1382
47 1261
143 674
384 1444
456 592
155 651
149 655
581 631
695 1386
65 1309
591 643
300 586
296 1368
108 1358
25 906
700 1385
367 1425
461 587
588 661
473 1467
226 570
653 1401
300 1374
596 1436
315 578
196 647
381 1446
153 648
591 637
330 553
577 618
107 1361
351 1435
49 1265
301 1414
139 676
70 751
183 654
705 1387
459 584
654 1404
135 1388
597 1439
146 650
696 1392
702 1390
587 627
370 1430
306 583
597 639
50 878
192 649
223 565
68 748
378 1442
451 585
63 1301
581 616
591 667
293 1416
467 1470
347 1438
105 1366
134 1392
295 566
596 634
134 678
327 548
52 1270
599 1443
144 646
210 571
582 614
697 1397
456 579
707 1393
281 1400
148 641
62 1297
130 680
448 580
594 672
593 623
54 1274
601 1447
462 1473
454 576
704 1398
324 543
103 1372
132 1398
219 558
604 634
298 560
709 1398
63 741
698 1403
140 640
656 1416
309 1425
60 1292
452 573
126 682
582 606
102 1375
603 1451
56 1278
604 629
601 673
144 635
122 672
131 1402
706 1403
272 1398
597 678
41 888
711 1402
456 1476
321 538
599 619
402 1486
699 1408
604 1454
607 627
450 569
443 573
122 684
580 602
120 669
610 630
107 1381
59 735
215 551
606 1455
142 1408
100 1381
136 633
657 1424
267 1401
307 541
129 1408
713 1407
305 1436
450 565
600 683
118 666
611 625
613 628
451 1479
318 533
118 686
106 1385
57 732
139 628
700 1414
658 1427
605 615
406 1493
134 629
128 1412
610 666
98 1386
141 626
105 1388
357 1460
715 1412
304 536
211 544
198 553
451 559
711 1415
315 528
114 690
603 689
445 1482
701 1420
574 593
114 660
260 1406
115 692
620 623
131 624
196 550
378 1489
104 1393
611 611
353 1463
211 540
52 725
615 663
717 1416
618 1457
146 623
313 525
126 1418
659 1435
96 1392
442 1484
410 1500
620 619
455 555
702 1425
411 1501
54 723
300 530
623 621
714 1421
571 588
660 1438
134 617
111 655
212 536
622 1458
255 1409
607 695
314 1447
193 546
719 1420
125 1422
118 697
151 620
624 617
348 1467
310 520
57 721
617 607
94 1398
109 652
137 1427
233 1390
436 1487
316 1450
191 543
93 1399
703 1431
297 525
102 1402
721 1424
213 531
568 583
131 612
623 657
629 617
717 1427
136 1430
100 693
620 605
462 550
107 649
418 1497
123 1428
125 614
580 577
604 584
611 701
189 540
156 617
91 1396
307 515
343 1471
248 1414
214 527
78 1376
431 1490
63 717
704 1436
603 582
43 714
582 575
465 548
294 520
122 1432
627 654
187 537
89 1393
124 706
662 1450
725 1430
228 1397
95 696
634 1460
564 577
104 644
423 1494
122 609
633 611
101 1410
720 1433
66 715
635 613
127 605
340 1467
161 614
626 601
585 573
304 510
322 1458
215 522
243 1417
615 707
185 534
469 545
637 612
600 577
705 1442
40 709
226 1400
638 1461
727 1434
632 651
392 515
120 605
77 1384
637 609
629 599
127 711
83 1383
120 1439
216 518
561 572
183 531
337 1463
163 608
85 1387
38 706
166 611
638 607
631 598
119 1440
301 505
663 1458
640 615
100 638
105 1416
319 1467
72 711
706 1447
223 1404
88 701
591 569
288 511
123 598
619 713
475 541
219 515
180 528
664 1461
36 703
117 600
593 568
117 1437
236 1422
98 635
726 1442
321 1470
731 1440
558 567
398 511
221 1407
107 1420
646 1462
171 608
298 500
77 708
707 1453
83 704
640 645
664 1465
644 621
728 1445
285 506
189 516
120 593
115 596
479 538
649 1463
176 531
401 509
219 1410
171 603
663 1466
733 1444
133 720
224 512
334 1493
33 698
231 1425
114 1432
95 630
125 725
177 521
646 624
295 495
554 561
217 1413
644 642
130 1455
708 1459
93 627
127 728
282 501
186 511
736 1448
658 1465
709 1460
732 1451
136 725
229 509
111 590
74 1423
407 505
116 586
170 536
174 516
29 692
486 533
91 624
129 731
214 1417
292 490
551 556
173 594
327 1498
649 639
734 1454
224 1430
650 630
739 1452
183 506
31 690
167 538
134 1461
220 497
489 531
234 506
411 502
212 1420
174 591
290 487
735 1457
277 495
163 535
171 511
88 619
59 672
323 1501
34 688
107 583
548 551
733 1458
742 1456
112 579
219 1433
133 737
136 1465
210 1423
411 1548
218 493
180 501
142 734
721 1459
712 1472
287 482
55 674
158 538
744 1459
135 740
105 579
417 498
319 1504
168 506
241 502
79 618
207 1427
109 574
84 613
40 684
497 525
544 545
168 583
177 496
137 743
140 1471
145 739
420 496
102 576
214 487
157 546
111 572
212 1438
205 1430
284 477
22 677
153 541
77 614
82 610
713 1479
165 501
43 682
246 499
175 493
139 746
501 522
142 1475
48 679
212 483
203 1433
312 1509
282 474
541 540
20 674
150 543
208 1441
97 579
153 550
141 749
527 1565
426 492
207 1442
633 542
117 569
102 567
284 472
79 605
162 496
163 576
505 519
251 496
148 540
172 488
45 646
674 710
73 607
257 493
308 1512
714 1487
209 478
538 535
17 669
146 1481
287 470
77 602
430 489
743 1478
146 537
170 485
637 539
43 643
198 1440
678 711
159 491
123 566
90 584
304 1515
656 553
510 515
75 599
98 560
148 1485
206 473
41 640
14 664
69 601
275 464
139 549
264 470
715 1495
157 568
534 529
655 550
143 532
157 487
167 480
642 536
683 712
741 1484
293 466
73 596
214 1451
436 485
67 599
514 512
128 563
85 587
95 555
740 1487
141 529
296 464
203 468
11 659
653 546
646 534
439 483
76 593
272 459
688 713
297 1520
261 465
531 524
152 1492
37 634
164 475
63 601
133 552
217 1456
518 509
153 1493
153 481
136 559
648 536
716 1503
270 456
201 464
651 542
520 508
104 1497
138 524
738 1493
513 498
8 654
693 714
293 1523
59 603
774 1473
302 460
258 460
91 548
528 519
34 629
157 1491
151 477
161 470
445 479
268 453
512 495
523 511
206 456
777 1474
697 715
55 605
32 626
289 1526
159 467
717 1511
197 458
5 649
161 1489
736 1499
223 1464
134 518
449 476
298 1539
780 1475
204 453
88 543
719 1512
265 448
308 456
254 454
30 623
147 471
702 716
735 1502
51 607
90 541
195 454
126 520
508 489
165 1487
156 462
653 517
515 487
738 1505
25 623
2 644
311 454
226 1469
28 620
785 1477
131 513
201 448
145 467
634 1565
282 1531
455 472
707 717
251 449
737 1508
122 522
506 485
169 1485
302 1546
261 442
46 610
30 618
733 1508
682 539
95 538
129 510
21 625
199 445
153 457
191 447
171 1482
791 1479
736 1512
278 1534
317 450
712 718
685 537
42 612
248 444
117 525
141 461
258 437
461 468
100 535
126 505
36 615
502 479
196 440
150 452
688 535
306 1553
15 629
274 1537
13 621
796 1481
256 434
464 466
139 457
187 441
81 526
234 1480
317 439
112 528
323 446
148 449
500 475
691 533
740 1519
244 438
105 532
11 631
193 435
254 431
271 1533
122 499
79 523
316 436
468 463
185 437
326 444
802 1483
727 1534
310 1560
742 1523
242 434
135 451
145 444
696 530
77 520
496 469
190 430
251 426
239 1487
119 494
5 635
728 1539
182 432
744 1527
738 1533
312 430
133 447
313 1565
474 459
332 440
640 481
188 427
266 1526
142 439
494 465
117 491
74 515
242 1491
1 637
729 1544
703 525
310 426
247 420
315 1569
179 427
140 436
749 1531
236 425
61 518
742 1539
185 422
129 441
480 455
114 486
71 510
338 436
730 1548
737 570
262 1520
469 440
245 1496
490 459
244 415
753 1534
176 422
137 431
483 453
105 488
69 507
745 1543
341 434
740 568
306 420
468 437
233 420
500 451
182 417
319 1576
710 520
259 1516
731 1553
126 436
488 455
111 481
242 412
533 451
502 449
743 566
174 418
340 425
304 416
134 426
102 483
109 478
66 502
735 547
240 409
465 432
230 415
732 1558
749 1549
347 430
505 447
322 1581
746 564
715 517
123 431
178 411
255 1510
344 423
463 428
749 562
733 1562
170 412
131 421
106 473
63 497
324 1585
237 404
752 1553
510 444
527 443
575 444
120 426
226 409
98 476
175 406
838 1471
752 560
353 426
129 418
104 470
168 408
298 407
734 1567
722 512
513 442
60 492
224 405
168 1562
524 439
459 421
233 398
117 421
318 1596
756 1559
328 1592
172 401
296 403
757 557
358 423
126 413
94 470
522 437
735 1572
726 509
101 465
355 416
236 396
57 487
164 401
760 555
171 1567
361 421
755 1564
475 413
321 1601
114 416
92 466
331 1597
169 396
305 393
455 415
123 408
731 506
292 397
173 1570
763 553
364 419
183 1566
477 411
241 394
97 459
361 413
218 396
303 390
754 1569
121 405
333 1601
742 1578
246 1588
453 411
53 481
542 425
160 395
111 411
766 551
290 393
324 1607
95 456
165 390
176 1575
852 1484
544 423
482 408
579 423
769 549
215 391
370 415
753 1574
300 385
158 391
326 1610
738 501
367 409
766 1572
118 400
86 457
450 406
177 1578
50 476
748 1576
108 406
547 421
92 451
337 1608
162 385
854 1489
286 387
487 405
174 1580
576 418
371 407
233 377
768 1576
212 386
84 453
297 380
448 402
743 498
90 448
488 1681
115 395
329 1616
376 411
47 471
105 401
62 1579
745 1591
552 418
154 384
171 1582
777 544
856 1494
236 374
159 380
283 382
492 402
331 1619
379 409
573 413
45 468
771 1581
466 1685
341 1615
294 375
87 443
377 403
780 542
112 390
208 380
80 447
527 1684
444 396
871 1478
102 396
185 1588
557 415
858 1499
463 1687
156 375
150 378
773 1585
280 377
165 1586
570 409
783 540
497 399
110 387
751 492
42 463
381 401
291 370
206 376
187 1591
344 1620
334 1625
569 408
442 392
385 405
84 438
243 369
228 1602
77 442
99 391
154 372
562 412
148 374
775 1589
774 1590
289 367
189 1594
210 369
70 1590
388 403
277 372
457 1690
346 1624
82 435
246 367
788 537
502 396
107 382
756 489
39 458
159 1590
337 1630
439 387
595 399
387 397
191 1597
74 437
151 367
96 386
454 1692
791 535
776 1595
145 369
286 362
211 362
156 1592
250 364
233 1609
274 367
79 430
193 1600
437 383
507 393
104 377
200 367
598 396
886 1478
36 453
3 478
149 364
391 395
394 399
794 533
350 1631
75 1597
284 359
71 432
93 381
763 484
341 1637
77 427
235 1613
754 1613
195 1603
102 374
142 364
700 1644
448 1695
34 450
745 1617
890 1476
797 531
271 362
512 390
197 362
150 1596
146 359
396 392
207 355
78 1601
197 1606
433 377
604 392
779 1604
257 359
550 386
353 1636
281 354
400 395
68 427
800 529
90 376
768 481
74 422
196 1608
99 369
139 359
344 1643
443 1698
31 445
431 375
472 1712
895 1474
758 1619
607 390
268 357
517 387
403 393
194 357
145 1599
240 1620
355 1640
143 354
204 350
81 1606
746 1626
547 381
278 349
781 1610
137 355
805 526
427 377
87 371
263 355
760 1623
96 364
142 1601
64 421
900 1472
347 1648
28 440
141 351
404 387
780 1612
451 1714
70 416
242 1624
190 1612
437 1701
223 1628
471 1719
276 346
522 384
808 524
613 386
201 345
409 389
190 351
139 1603
544 376
749 1632
68 413
264 348
62 417
187 1614
359 1647
408 385
84 366
903 1468
763 1628
93 359
133 349
811 522
25 435
138 346
777 1617
779 473
432 1704
87 1614
273 341
263 345
420 382
527 381
908 1471
541 373
351 1655
470 1726
91 356
187 346
814 520
765 1632
65 408
131 345
362 1652
81 361
133 1607
752 1638
197 338
766 1633
620 381
58 411
248 1633
181 1618
135 341
907 1462
537 375
784 470
90 1619
817 518
270 336
780 1625
21 429
532 378
426 1707
63 405
772 1624
354 1661
364 1656
88 351
133 338
243 1640
469 1733
258 338
780 1628
769 1629
78 356
194 333
55 406
251 1638
127 1611
910 1457
127 338
626 377
356 1664
86 348
822 515
175 1622
267 331
18 424
421 1710
60 400
75 353
791 465
779 1633
130 333
124 1613
255 333
179 336
629 375
825 513
191 328
468 1740
89 345
368 1663
52 401
435 1731
171 1625
413 351
255 1644
264 326
15 419
359 1670
57 395
123 332
828 511
70 355
415 1713
465 1742
701 1687
98 1630
127 328
119 1616
168 1627
252 328
437 1735
411 348
361 1673
55 392
635 371
831 509
798 460
121 328
258 1649
187 321
66 357
261 321
12 414
125 325
116 1618
372 1670
96 340
410 1716
47 393
834 507
172 327
408 343
465 1751
118 325
123 322
113 1620
162 1631
936 1479
52 387
62 359
105 1625
364 1679
803 457
247 321
261 1654
184 316
258 316
9 409
375 1675
125 320
430 1744
642 366
50 384
44 388
404 1719
839 504
58 361
405 338
940 1482
935 1453
113 328
103 335
256 313
7 406
367 1684
377 1679
937 1453
156 1635
244 316
181 311
401 1721
460 1758
130 317
106 333
54 363
47 379
810 452
41 383
648 362
434 1751
153 1637
253 308
399 1718
4 401
845 500
164 317
458 1761
401 332
267 1663
949 1473
241 311
494 313
50 365
651 360
135 314
436 1754
251 305
371 1691
381 1686
2 398
848 498
815 449
38 378
177 304
149 1640
43 373
422 1756
816 447
452 1759
398 327
46 367
270 1668
0 395
395 1711
159 311
852 496
35 375
261 1675
248 300
41 370
384 1691
666 1735
449 1758
657 356
2 393
174 299
374 1697
42 339
236 304
142 310
143 1644
24 1665
955 1452
273 1673
31 377
156 307
856 499
376 1700
386 1695
384 1728
245 295
811 440
171 294
391 1704
233 299
147 307
153 304
27 379
392 318
9 389
654 1749
664 351
935 1428
127 1655
137 1648
935 1427
808 436
242 290
414 303
862 504
933 1427
378 1731
168 289
937 1426
230 294
134 1650
562 310
389 313
279 1682
240 287
170 287
865 506
15 386
20 383
670 347
805 431
763 1705
85 1686
372 1734
673 345
282 1687
237 282
175 284
385 307
145 286
977 1466
974 1451
225 287
162 281
235 279
367 1737
800 424
769 1701
510 283
180 281
382 302
679 341
222 282
286 1693
843 431
159 276
773 1699
623 1782
183 279
235 272
682 339
361 1740
847 429
219 277
289 1698
795 417
156 271
378 296
238 269
778 1696
188 276
687 336
355 1743
881 522
292 1703
992 1450
792 412
153 266
375 291
106 1703
854 425
783 1693
997 1465
214 270
244 265
194 273
266 1720
436 1809
664 1783
349 1746
108 1707
882 529
787 1691
247 263
211 266
438 1813
210 265
346 1748
1004 1464
861 421
110 1711
666 1788
200 270
298 1712
80 1719
881 534
369 282
440 1817
206 267
703 334
793 1687
784 401
253 259
112 1715
272 1730
340 1751
668 1793
880 539
301 1717
438 1821
867 417
366 277
797 1685
207 256
1011 1449
578 1821
781 397
114 1720
879 544
871 415
259 255
275 1735
304 1722
334 1754
671 1799
801 1682
900 452
204 251
671 1801
728 1777
442 1828
778 392
362 271
262 253
277 1738
496 1838
878 549
582 1828
903 450
876 412
668 1803
730 1780
444 1832
788 1749
493 1840
201 246
906 448
327 1758
280 1743
359 266
267 250
877 554
880 410
732 1783
721 332
585 1833
908 447
809 1676
1028 1463
310 1731
773 385
446 1836
790 1753
325 1755
906 441
662 1806
898 554
488 1843
734 1786
283 1748
900 428
1029 1448
876 559
359 1808
911 450
587 1837
197 240
323 1752
355 260
273 246
727 331
878 561
448 1840
792 1757
801 368
735 1789
886 406
313 1736
285 1751
903 426
1035 1462
902 559
276 244
589 1841
875 564
656 1809
768 378
877 565
804 365
794 1761
129 1737
913 436
194 235
590 1842
890 404
481 1847
320 1747
352 255
915 456
1 261
818 1669
935 514
316 1741
734 330
904 562
288 1756
547 1854
874 569
796 1765
909 422
741 1796
765 373
650 1812
918 433
282 240
191 230
133 1742
742 1798
810 361
834 1701
918 461
1045 1461
738 334
212 217
430 1855
597 1838
798 1769
907 568
873 574
941 510
725 1798
285 238
1047 1463
813 359
292 1763
214 215
64 1763
379 1843
648 1820
915 418
346 246
432 1859
601 1836
590 1856
921 466
187 224
827 1662
684 254
800 1773
945 508
872 579
294 1766
217 213
925 428
742 1806
742 340
918 416
910 574
946 506
482 1868
923 469
291 234
434 1863
605 1834
295 1769
343 241
802 1777
642 1823
744 343
757 362
873 584
184 219
820 354
383 1850
1056 1451
930 425
912 579
427 1868
436 1867
609 1832
943 501
223 209
804 1781
305 1789
924 412
926 474
296 231
715 1807
437 1868
850 1700
747 347
754 358
385 1854
836 1655
339 235
181 214
226 207
302 1790
741 1817
852 1702
927 410
613 1830
299 229
635 1827
826 350
806 1785
474 1875
441 1866
939 495
937 420
388 1859
930 480
302 227
298 1792
829 348
914 588
617 1828
336 230
286 1780
469 1874
808 1790
445 1864
177 208
32 207
232 203
629 1830
622 1834
854 1709
933 406
281 201
390 1863
294 1794
936 490
942 417
281 199
933 485
857 1671
845 1648
705 1816
90 187
810 1794
449 1862
283 1776
740 1828
308 223
464 1873
652 1853
147 1770
464 1878
468 1884
1049 1490
332 224
174 203
690 229
836 343
392 1867
290 1796
238 199
279 195
856 1716
939 402
462 1870
1077 1450
812 1798
453 1860
657 211
149 1774
460 1880
927 382
286 1798
241 197
949 412
329 219
171 198
279 1770
942 400
314 219
281 1792
1049 1497
654 1860
277 191
395 1872
857 1720
922 601
814 1802
343 1861
461 1888
842 339
598 1888
655 1861
151 1778
1047 1498
654 206
739 1838
854 1641
978 530
276 188
317 217
282 1800
81 1800
277 1794
276 1766
397 1876
954 409
845 337
695 1825
816 1806
859 1725
153 1782
247 193
167 192
338 1864
948 396
324 213
274 184
278 1802
926 607
968 464
399 1880
454 1892
818 1810
869 1725
272 1797
335 1866
155 1786
272 1760
712 221
272 180
851 333
274 1804
164 187
989 501
870 1728
253 189
961 404
648 197
738 1849
929 612
861 1733
661 1872
954 392
157 1789
820 1814
863 1634
402 1885
270 178
854 333
976 568
871 1731
330 1869
269 1756
270 1806
256 187
266 1800
608 1900
957 390
856 335
1099 1449
161 182
685 1834
822 1818
863 1738
966 401
872 1734
645 192
404 1889
451 1905
639 1884
331 193
267 1753
1100 1447
933 618
265 181
266 1808
858 338
668 1876
611 1904
325 1872
164 1785
652 1883
261 1803
824 1822
1100 1444
406 1893
158 177
154 1802
737 1860
675 1849
963 386
947 364
956 375
322 1874
262 1810
872 1627
874 1741
672 1878
168 1783
445 1908
973 396
676 1845
937 624
826 1827
156 1806
262 1746
1072 1521
618 1902
875 1744
409 1898
670 1885
639 183
258 1812
866 1749
254 1807
172 1781
154 171
317 1877
257 1813
256 1747
969 382
677 1881
675 1884
876 1747
158 1810
672 1888
622 1901
978 393
940 629
411 1902
954 358
423 146
314 1879
1115 1443
877 1750
176 1779
736 1871
636 178
258 1740
687 180
973 380
251 1747
259 1818
831 1834
151 166
981 391
881 1620
160 1814
248 1810
425 144
674 1892
868 1756
682 1884
116 1829
413 1906
1029 1530
951 355
447 1925
980 389
679 1890
878 1754
260 1821
629 1899
732 1874
309 1882
944 635
245 1812
428 142
247 1749
902 1648
869 1760
834 1839
148 161
162 1819
1027 1534
632 172
261 1824
947 352
183 1775
792 253
990 392
416 1911
678 1898
815 1853
441 1928
682 1895
72 136
243 1751
880 1760
1026 1537
689 1888
617 1929
433 139
884 321
871 1765
164 1823
243 1821
239 1815
726 1878
303 1886
187 1773
948 641
74 134
943 349
890 1613
263 1829
418 1915
629 167
438 1930
881 1763
43 140
680 1902
144 155
886 323
890 1611
1024 1541
436 137
996 389
839 1846
236 1817
1132 1442
166 1827
882 1766
686 1901
191 1771
420 1919
939 346
236 1755
333 154
298 1889
696 1892
733 184
79 131
802 1871
265 1835
720 1882
476 1953
1000 387
873 1773
432 1933
236 1825
141 150
1022 1546
888 1606
292 135
43 1852
883 1770
168 1831
441 134
1019 441
889 329
195 1769
842 1851
295 134
295 1891
266 1838
1020 1547
689 1906
935 343
717 1884
423 1924
621 1941
429 1935
737 181
229 1821
1003 390
623 158
330 149
701 1895
84 128
686 1911
297 132
886 1602
875 1778
292 1893
170 1836
138 145
683 151
229 1759
691 1909
446 131
885 1776
427 1932
845 1856
892 335
268 1843
931 340
425 1928
300 130
624 1945
674 1921
688 1915
290 1890
202 1765
1038 546
228 1830
1006 395
620 153
693 1912
89 125
711 1888
206 1772
172 1840
223 1824
743 177
269 1846
927 340
224 1762
451 128
325 142
644 1937
887 1782
134 139
894 340
627 1949
1008 398
1029 433
206 1763
224 1832
1150 1441
285 1898
305 127
220 1826
270 1849
1016 606
1008 1549
174 1844
287 1885
850 1863
94 122
211 1769
454 126
692 1921
923 342
220 1764
878 1789
629 1952
1028 430
616 147
323 138
673 1930
308 125
749 173
210 1761
288 1910
710 1908
131 134
1011 403
272 1854
219 1835
897 346
967 662
176 1849
889 1789
696 1919
919 344
214 1829
403 107
268 1857
752 171
177 1850
632 1956
853 1868
99 119
459 123
711 1911
312 123
613 142
283 1878
944 1656
880 1796
276 1902
1024 424
1056 495
998 1551
128 129
12 1873
700 1917
724 148
946 1656
214 1838
318 131
708 1913
274 1860
278 1909
1015 409
315 126
672 1939
900 352
635 1960
209 1832
891 1795
393 103
425 98
104 116
464 120
271 1863
671 1940
881 1800
1032 419
971 669
758 167
948 1659
287 1920
275 1863
915 1586
184 1846
892 1798
1021 419
210 1840
637 1963
858 1875
270 1905
1116 1562
1167 1440
279 1871
467 118
1047 587
124 123
1018 414
827 1896
450 1981
702 1935
883 1805
109 113
607 133
1118 1565
202 1836
722 1924
1030 412
860 1879
1068 520
640 1967
764 163
917 1580
975 676
986 1553
291 1927
472 115
894 1805
264 1908
704 1939
191 1842
121 118
203 1844
268 97
719 1926
604 128
767 161
643 1971
115 110
1121 1570
895 1808
262 1912
141 103
187 1867
919 1575
293 1931
1037 625
477 112
865 1886
645 1974
611 119
714 1929
979 683
887 1816
258 1914
189 1871
295 1935
977 1555
960 1631
480 110
897 1814
600 122
773 157
255 1912
1184 1439
922 1569
710 1948
648 1978
460 1993
1126 1577
190 1874
868 1891
898 1817
413 1983
297 1939
1086 1598
253 1916
982 689
889 1822
116 92
485 107
597 117
842 212
712 1952
192 1878
651 1982
966 1626
410 1985
463 1997
249 1915
899 1821
779 153
924 1563
795 1936
1129 1582
1088 1602
300 1944
599 111
891 1827
900 1824
981 695
653 1985
346 85
407 1987
970 1570
782 151
742 1949
194 1882
873 1898
490 104
246 1919
831 1924
1163 1557
971 1622
650 92
243 1918
302 1948
927 1557
294 1952
493 102
656 1989
893 1832
196 1886
875 1902
241 1919
980 701
1134 1589
591 108
902 1830
876 1903
718 1961
401 1991
788 147
833 1929
304 1952
1166 1562
291 1954
1202 1438
471 2007
903 1833
1038 323
237 1918
659 1993
977 1617
895 1837
498 99
198 1891
976 704
720 1965
1168 1565
927 1549
1137 1594
588 103
864 206
306 1956
302 66
835 1934
904 1837
661 1996
286 1957
750 1960
395 1995
1174 1563
883 1899
794 143
232 1921
200 1895
834 1936
1102 550
972 706
897 1842
308 1960
1171 1570
504 95
1060 341
664 2000
845 179
584 97
228 1923
202 1899
1039 307
390 1998
303 1966
829 1939
899 1847
120 1926
726 1974
279 1961
800 139
479 2017
890 1895
911 1843
311 1965
1174 1575
667 2004
838 1944
964 706
509 92
224 1925
204 1903
850 176
69 1934
1095 413
581 92
803 137
1219 1437
728 1978
824 1942
1176 1578
306 1972
313 1969
384 2002
733 1976
729 1979
853 174
1224 1455
206 1908
514 89
219 1928
272 1965
458 2035
917 1848
308 1975
1109 448
897 1891
315 1973
672 2011
215 1926
819 1945
809 133
208 1912
858 171
215 1930
455 2037
1032 703
479 2032
378 2006
214 1924
487 2027
519 86
818 1948
575 83
317 1977
738 1983
902 1888
675 2015
518 81
311 1981
861 169
452 2039
265 1969
210 1916
923 1853
159 37
211 1932
814 1948
1204 1563
1229 1506
1011 254
815 129
373 2009
319 1981
524 83
906 1886
209 1934
677 2019
572 78
741 1988
1236 1436
866 166
447 2042
818 127
314 1987
493 2034
370 2011
809 1951
527 81
1091 340
865 164
743 1991
675 2023
929 1858
258 1973
322 1986
162 1943
367 2013
568 72
1038 262
913 1882
496 2038
442 2045
213 1941
317 1992
804 1954
673 2027
532 78
824 123
324 1990
1108 374
457 21
1097 336
1037 723
215 1945
535 76
1219 1562
251 1977
565 67
918 1879
361 2017
254 1983
326 1994
671 2032
799 1957
1121 621
320 1998
752 1985
829 120
501 2044
440 2055
932 1871
1249 1499
857 154
1114 370
1004 750
1050 720
1103 332
922 1877
540 73
328 1998
669 2036
503 2047
1254 1435
356 2020
249 1986
756 1983
929 1873
1251 1508
1226 1569
794 1960
219 1952
500 29
244 1981
348 19
560 61
1118 368
834 125
1227 1571
1107 329
330 2002
353 2022
324 2005
667 2040
745 2013
245 1988
432 2057
545 70
935 1907
392 5
363 11
221 1956
556 63
301 11
950 1860
435 2064
1092 299
789 1963
350 2024
762 1979
1123 365
548 68
738 43
838 130
333 2007
241 1991
1132 384
237 1985
429 2053
849 144
646 24
954 1861
327 2011
1113 325
1143 409
661 2044
224 1961
749 2019
1143 611
766 1977
1127 363
511 2057
784 1966
811 77
878 1980
1135 382
235 1982
183 1965
739 38
335 2011
344 2028
658 2046
1148 607
842 135
226 1965
751 2023
1146 614
1100 294
880 1983
245 1997
1271 1434
330 2017
740 34
1119 321
342 2025
337 2015
779 1969
1140 379
772 1973
732 2037
654 2049
232 1976
495 2076
882 1986
228 1969
1134 359
247 2001
963 1855
754 2028
788 52
1143 377
1236 1588
1123 318
741 29
333 2022
1068 737
1150 620
734 2040
337 2034
498 2080
1030 212
787 49
519 2067
756 2032
751 2035
1152 623
736 2043
648 2053
250 2006
968 1852
886 1992
1011 201
414 2072
1140 355
342 2047
742 24
839 81
1148 374
332 2037
1129 314
501 2084
738 2046
636 4
252 2010
1177 461
743 20
1151 372
644 2056
1144 353
783 43
1155 628
1273 1546
973 1849
329 2039
740 2049
1288 1433
760 2039
1176 584
890 1998
1274 1548
504 2088
1237 1603
744 15
409 2081
1135 310
742 2052
405 2076
1156 369
1149 350
527 2077
780 38
506 2091
978 1846
53 2009
324 2042
638 2060
1137 309
256 2017
1159 634
893 2003
1104 257
744 2055
403 2073
925 1985
764 2045
745 10
1153 348
1161 637
509 2095
1161 366
1032 192
777 33
634 2063
885 107
746 2058
401 2070
1141 313
413 2088
1195 543
766 2049
746 6
984 1842
318 2046
1193 464
260 2024
897 2009
748 2061
1194 460
512 2099
1164 642
415 2092
774 28
1160 344
988 1840
241 2032
398 2065
1238 1617
535 2087
628 2067
750 2
750 2064
1145 298
769 2054
313 2049
1306 1432
514 2102
1145 319
243 2034
1161 342
989 1838
1165 346
417 2096
901 2015
752 2067
1229 1623
310 2051
264 2031
1274 1569
771 2058
388 2084
395 2060
1201 456
890 96
1168 648
517 2106
770 22
987 1834
1148 323
856 57
751 2069
1068 197
419 2100
3 2025
307 2053
943 124
393 2097
621 2072
1170 651
384 2086
638 2089
1272 1574
1156 335
768 18
985 1830
520 2110
905 2021
946 1996
421 2104
268 2038
543 2097
1179 355
775 2065
1208 452
1239 1631
1152 329
744 2068
811 16
302 2056
1002 1835
380 2088
522 2113
1173 656
983 1826
387 2100
1270 1579
776 9
615 2076
908 2026
1182 358
1323 1431
1064 798
911 92
1316 1531
376 2090
1123 234
950 2003
525 2117
981 1822
1058 804
314 2081
994 1820
779 2071
272 2045
1268 1584
611 2079
296 2060
382 2103
1230 1640
762 9
626 2095
1215 448
1177 662
1009 1831
372 2092
996 1818
912 2032
528 2121
1186 364
1295 1583
781 2075
1062 808
1020 1859
551 2107
760 5
548 2110
1266 1589
1013 1829
291 2063
954 2010
368 2094
376 2106
1180 667
1188 367
1239 1646
605 2083
191 2040
276 2052
1192 342
1222 444
1178 314
1002 1815
288 2065
784 2080
1144 242
1017 1827
1024 1863
916 2038
1182 670
1264 1594
1065 814
364 2096
1243 1647
533 2128
1225 442
315 2094
371 2109
1191 372
285 2067
553 2117
1184 673
958 2017
786 2084
1021 1825
1067 817
1341 1430
1027 1867
1342 1435
360 2098
1008 1812
280 2059
598 2088
558 2116
1262 1599
283 2064
536 2132
1342 1428
920 2044
771 2096
1228 437
1025 1823
365 2112
1187 678
1195 378
356 2100
968 101
1260 1603
1070 823
314 2103
1230 434
1032 1832
962 2024
790 2091
1014 1809
592 2092
1038 1864
1350 1436
1029 1821
1197 381
52 2066
352 2102
924 2050
1229 431
541 2139
1040 824
775 2103
366 2124
1040 1866
1104 173
1073 828
1191 684
898 40
1033 1819
588 2095
1200 386
569 2108
966 2031
544 2143
1021 1805
927 2055
1193 687
1357 1432
30 2073
1043 1871
1036 829
1079 149
1037 1817
360 2127
1076 833
796 2100
1224 424
779 2110
1294 1616
968 2035
546 2147
582 2099
1363 1445
1363 1480
1048 1834
1078 836
1196 692
1204 392
1041 1815
1027 1802
560 2141
1229 418
931 2061
1046 1876
1222 420
576 2103
970 2038
1231 1678
1180 244
799 2105
947 66
354 2130
1364 1428
542 2150
1036 837
1198 695
782 2116
1045 1813
1037 838
1365 1426
1207 397
972 2042
1266 519
1370 1446
351 2132
929 49
317 2125
1049 1881
1033 1799
784 2119
1059 1868
802 2110
538 2153
935 2067
1039 835
1083 843
1186 240
1049 1811
1141 181
1209 400
1217 413
248 2100
1031 1790
1367 1421
1202 701
975 2047
1052 1886
1211 403
534 2156
1377 1447
1053 1809
1039 1796
2 2090
1378 1448
1035 1788
1087 848
1261 611
806 2116
939 2073
788 2126
1379 1438
1375 1469
286 2126
1253 1689
1369 1416
1054 1807
355 2150
977 2051
1192 236
46 2095
1270 579
1205 706
1375 1530
1050 838
1040 851
28 2096
530 2159
1055 1891
1039 1786
1264 614
1090 852
1195 234
1207 709
1052 1803
1045 1793
58 2100
564 2163
809 2121
1371 1411
942 2078
572 2158
1377 1455
1381 1418
950 2075
526 2162
792 2133
1209 712
1282 549
1149 168
981 2058
1058 1896
944 2081
1048 1796
1199 231
1387 1501
1267 619
1094 857
1373 1406
812 2126
568 2168
1246 394
522 2165
946 2084
1061 839
1221 710
963 2075
1392 1428
1075 1820
1212 717
984 2063
1061 1901
795 2139
1271 1652
1391 1465
1233 1708
1375 1401
1205 227
1098 862
1271 626
518 2168
1383 1404
1393 1467
1376 1399
816 2132
986 2067
1395 1495
573 2174
950 2090
581 2169
1208 225
987 2068
1064 1906
798 2144
1081 1817
1272 1658
1242 1712
1374 1398
1216 723
1386 1402
1254 1711
1101 866
514 2171
1372 1398
583 2172
958 28
372 2167
819 2137
1218 726
1397 1537
1395 1474
1275 633
577 2179
1373 1392
1067 1911
801 2149
1273 1664
1378 1391
954 2096
1214 221
191 2124
1103 871
510 2174
1402 1413
1373 1390
994 2064
1386 1393
1397 1486
1400 1540
1188 181
1079 1791
1403 1411
822 2142
955 2099
1090 1813
1221 731
1397 1479
1398 1483
1070 1916
7 2124
1387 1389
953 2100
506 2177
1078 1788
1274 1670
1379 1385
589 2180
1279 640
582 2185
1233 1726
1223 734
805 2156
1105 878
383 2166
1095 1811
1221 216
1380 1382
1403 1546
503 2179
334 2179
1231 1727
1388 1385
1239 1728
1225 736
826 2148
384 2164
1073 1921
1075 1783
947 2103
1417 1501
1405 1549
1107 883
586 2190
1389 1381
808 2162
499 2182
1227 740
1100 1808
1283 647
263 2162
1227 212
829 2153
1255 1733
1249 1734
595 2188
1076 1926
1158 128
963 2110
1148 860
1390 1377
1256 1734
1065 70
1229 743
1265 712
495 2185
1382 1372
1408 1555
811 2167
141 2136
1109 890
1105 1805
591 2196
939 2107
1391 1373
377 2155
832 2158
1079 1931
966 2115
1287 654
947 2117
1233 208
1232 748
491 2188
1166 125
1110 894
937 2104
1411 1560
1428 1488
814 2172
1214 1729
601 2196
1236 206
1111 1802
595 2201
1392 1367
949 2121
1266 1733
312 2189
1082 1936
969 2120
1111 898
1384 1363
487 2191
1403 1385
836 2164
1274 706
1114 1800
1210 1730
1413 1565
1291 661
1180 129
1236 754
934 2098
951 2125
817 2178
1241 203
1393 1361
599 2206
1278 704
483 2194
1085 1941
1009 2103
816 2180
839 2169
598 2208
953 2129
973 2127
607 2204
1239 759
1244 206
1120 1797
1010 2106
923 2103
1276 1732
1394 1356
1078 53
1295 668
1227 172
479 2197
1385 1352
930 2091
812 2183
1088 1946
1241 762
1123 1795
1011 2109
955 2133
594 2211
842 2174
395 2205
1226 1760
976 2132
1265 747
1386 1348
1247 212
475 2200
1243 765
1112 914
1287 698
957 2137
1119 1774
1091 1951
1248 214
845 2178
807 2187
927 2085
613 2212
1299 675
589 2215
1129 1792
1100 53
1286 1731
1395 1345
471 2203
1291 696
1313 668
1113 919
1147 901
1246 770
955 2143
1151 899
980 2139
1132 1790
803 2190
1094 1956
848 2183
585 2218
1251 220
924 2079
609 2223
1187 1729
467 2206
1016 2122
1388 1337
1303 682
957 2148
932 2146
1260 216
1344 624
983 2144
619 2220
1210 1770
1386 1336
1402 1357
1250 776
1158 76
798 2194
1138 1787
1097 1961
1296 1730
612 2227
1396 1335
580 2222
921 2074
960 2150
1384 1337
1254 226
1300 690
1305 687
853 2190
1252 779
1141 1785
1172 897
1212 1774
1383 1339
75 2183
1023 2124
1385 1330
615 2231
1100 1966
793 2198
987 2151
1272 196
466 2221
963 2155
575 2226
918 2068
1214 1778
832 2208
1257 232
856 2195
625 2228
1255 784
430 2205
1028 2126
1147 1782
1306 1729
1314 719
618 2235
573 2229
1469 1536
789 2201
1103 1971
1475 1427
1470 1535
834 2211
571 2229
990 2156
1216 1782
1257 787
966 2160
1181 902
1470 1538
151 2186
1181 1763
1476 1425
792 2209
1260 238
215 2204
836 2214
621 2239
1152 1779
914 2061
861 2202
1106 1976
1124 1963
1132 940
784 2205
437 2200
1177 1765
1268 236
1036 2129
1218 1787
1037 2129
566 2233
631 2236
1261 793
1324 717
839 2218
336 2253
1316 1728
994 2163
624 2243
294 2238
971 2167
1026 2145
1147 42
1220 1791
1176 61
780 2208
911 2055
1166 1756
864 2207
1040 2133
1264 245
151 2196
1109 1981
1123 949
293 2241
562 2236
1159 1775
1042 2127
431 2229
1264 798
627 2247
1170 1769
973 2171
997 2168
963 2176
1401 1330
1198 906
1222 1795
1412 1619
1144 1741
392 2255
1138 948
1045 2126
1127 24
1125 954
637 2244
844 2225
775 2212
1112 1986
908 2049
1267 251
557 2240
802 2221
1326 1727
1048 2125
630 2251
1470 1556
1224 1799
1343 694
869 2214
1275 249
1107 9
1268 804
804 2224
373 2267
1123 1985
1001 2175
978 2178
1202 913
1115 1991
905 2044
770 2216
633 2255
1226 1803
1133 1980
1270 807
1270 257
552 2244
1340 721
872 2219
849 2232
1116 1994
337 2271
643 2252
980 2182
1004 2180
1230 1801
766 2219
1336 1726
636 2259
1388 1293
1113 1996
548 2247
902 2038
1273 812
1138 1984
635 2261
1273 263
853 2238
1234 1799
811 2233
802 2238
981 2189
186 2231
761 2223
852 2240
1142 1987
631 2264
543 2251
1008 2187
1107 1999
649 2260
1277 818
1429 1310
309 2276
1276 269
1346 1725
880 2230
1387 1283
1469 1576
757 2226
634 2270
982 2196
1302 155
1146 1990
278 2268
448 2251
539 2254
1279 821
796 2243
1357 712
343 2287
1011 2192
846 2244
626 2268
328 2286
961 2205
1400 1302
811 2245
1279 275
883 2235
1477 1382
1150 1993
843 2246
1352 1752
819 2243
1172 964
1390 1276
752 2230
1111 2014
1361 716
655 2268
1282 826
756 2236
622 2271
957 2208
534 2258
1013 2197
791 2247
863 2250
1386 1274
814 2249
1394 1274
1356 1724
1109 2015
304 2286
536 2263
1407 633
1284 829
1154 1996
1396 1273
839 2249
1384 1272
1010 2199
1357 1754
1282 281
1408 631
211 2254
1364 720
747 2234
533 2265
1398 1274
456 2260
817 2253
1382 1273
888 2242
617 2275
529 2262
824 2249
786 2251
1062 2174
1286 832
1283 284
1007 2201
1399 1276
1362 1749
1361 1756
1407 627
1478 1371
950 2213
266 2281
1102 2017
1380 1268
980 2215
1367 724
1380 1276
661 2276
1159 2000
743 2237
529 2268
1283 100
833 2253
820 2257
995 2209
1384 1264
613 2278
1366 1723
525 2265
827 2253
891 2247
981 2218
1289 837
1468 1597
781 2255
1398 1262
1366 1758
1405 622
1370 728
526 2271
1001 2205
1163 2003
1383 1260
1338 180
823 2261
944 2217
1282 293
738 2241
1025 2210
851 2270
608 2282
520 2269
189 2263
976 2222
292 2300
1371 1760
1403 617
1382 1256
776 2259
825 2264
667 2284
1167 2006
1293 843
896 2254
940 2220
1393 711
1376 1722
1411 1673
824 2266
890 2260
1375 735
733 2245
531 2278
1082 2177
1295 846
1381 1252
56 2262
972 2225
603 2286
890 2262
26 2262
737 2252
1171 2009
1401 612
999 2224
1479 1354
771 2263
1281 303
899 2259
1379 1718
282 2304
1380 1248
533 2282
1378 739
729 2248
819 2270
934 2224
968 2228
599 2289
1298 851
673 2292
1175 2012
1399 607
732 2256
902 2263
1379 1244
766 2267
1300 854
1467 1617
1404 1682
1381 743
930 2227
1388 1746
1418 696
964 2231
724 2252
814 2274
105 2272
1384 1711
1397 602
594 2293
1378 1240
1180 2016
538 2289
1280 313
1302 857
1383 746
1391 1749
1221 1
909 2262
726 2261
1401 1687
960 2234
720 2255
760 2272
480 2285
590 2296
540 2293
933 2241
1395 597
809 2278
1386 750
923 2232
1376 1234
1305 862
1187 2018
914 2263
1402 1693
1389 1704
956 2237
1183 1011
1395 1755
721 2265
685 2282
1375 1231
920 2234
1279 322
715 2259
1249 13
1393 592
755 2276
917 2261
1389 754
585 2300
1359 145
1391 1701
902 2283
1352 130
803 2283
1192 2020
918 2259
688 2280
952 2240
545 2300
64 2288
1309 868
1455 633
916 2237
1398 1760
1373 1226
1471 1635
487 2293
939 2250
1391 587
1392 758
1398 1224
581 2303
710 2263
1177 1016
1327 88
1187 1018
750 2280
931 2253
715 2270
1343 295
1311 871
135 2288
547 2304
1372 1223
1466 1638
542 2307
948 2243
1453 609
1198 2022
798 2287
917 2246
1278 332
910 2287
113 2293
1389 582
706 2266
913 2252
1382 217
995 2261
1402 1766
576 2307
1172 1020
696 2274
545 2311
1314 876
745 2284
1190 1024
710 2274
1370 1217
1397 765
1203 2024
1421 1221
1182 2048
1149 2069
1461 659
1171 1023
793 2291
1351 852
1468 1646
909 2295
1387 577
547 2314
1316 879
1339 864
1405 1771
1480 1316
1355 107
553 2313
910 2297
708 2294
1192 1029
546 2316
571 2311
1367 1213
1400 769
1353 855
1277 342
465 2328
740 2288
1375 1210
497 2304
1173 1027
1424 1717
1333 322
1363 292
1365 1213
1407 1774
1210 2026
1385 572
788 2295
1364 1215
1429 1720
542 2319
1320 885
1039 2262
1403 773
1175 1031
1136 2084
1409 1777
1356 860
1223 1017
576 2326
1195 1035
1431 1721
735 2292
1373 1204
1365 1206
1361 1208
1215 2028
1383 567
1317 42
1465 1658
1410 1780
176 2318
538 2322
1358 863
1405 777
1177 1035
1323 890
782 2300
1396 247
1135 2090
1429 1762
1363 1201
1198 1041
1360 866
730 2296
1220 2030
1381 562
1325 893
1082 2249
1179 1040
1405 1784
533 2326
724 2301
101 2319
777 2304
1361 1197
1327 896
1339 53
1200 1046
1294 3
1379 557
1363 871
1134 2097
1359 1196
1181 1044
1367 1192
1401 1787
1227 2032
1136 2099
529 2329
1369 1191
1355 1196
772 2308
1330 901
1480 1291
1183 1048
1377 552
1328 30
1366 876
1397 1185
1133 2104
1416 215
1232 2034
1200 2073
1164 2096
1480 1288
1351 1197
1374 1189
1395 1183
1375 547
1404 277
767 2312
1464 1679
1070 2274
734 2317
1448 762
1334 907
1202 1059
1391 1184
1370 883
1455 550
1132 2111
1374 73
1336 910
1344 1199
1064 2283
1373 542
1388 1185
1462 753
1461 1721
1372 887
761 2317
1341 1200
1462 1719
1340 1201
1142 2117
1203 1067
1339 915
1371 537
1213 2081
1399 1810
1407 1170
1374 891
1416 1170
1341 918
756 2321
1361 1168
1397 1814
1342 1207
1202 1073
1376 895
1369 532
745 2330
1433 1170
1464 1771
1377 1164
1395 1818
1463 1699
1378 899
1436 1168
1201 1078
1345 924
1379 523
1367 527
1355 919
1432 520
1393 1822
1380 903
1115 2275
1241 2074
1379 44
1367 1156
1262 2036
1365 522
1200 1084
1450 1810
1348 930
1352 1156
1382 907
1410 80
1445 1165
1208 2110
1442 141
1363 517
1210 1089
1336 1159
1384 911
1091 2301
1196 1091
1350 937
1271 2037
1262 1062
1450 1163
1203 1093
1361 512
1386 915
1263 1065
1479 1246
1194 1095
1459 809
1352 942
1264 1068
1359 508
1456 1161
1388 919
1157 2147
1429 320
1192 1099
1463 178
1449 1827
1265 1071
1389 922
1354 947
1470 1816
1282 2038
1357 504
1422 1136
1461 1159
1215 2125
1266 1074
1203 2133
1190 1103
1390 926
1339 410
1267 1077
1355 500
1154 2157
1391 929
1124 2302
1462 824
1188 1107
1356 954
1145 2289
1467 1157
1299 1219
1362 1127
1353 496
1392 933
1435 1853
1186 1111
1459 110
1295 1220
1294 2037
1358 959
1369 487
1104 2322
1472 1155
1373 951
1351 492
1354 489
1448 1844
1437 1858
1184 1115
1291 1221
1475 1154
1154 2291
1198 1120
1360 964
1353 486
1438 1861
1477 1156
1287 1222
1182 1119
1377 958
1429 861
1347 485
1439 1864
1299 2063
1274 1095
1427 864
1283 1223
1162 2293
1362 971
1307 2036
1398 1872
1301 2065
1345 481
1397 951
1180 1126
1238 2141
1441 1870
1279 1224
1324 441
1470 478
1166 2294
1398 954
1364 976
1436 1874
1343 477
1430 871
1392 464
1403 1103
1240 2145
1179 1131
1275 1225
1470 1121
1447 1861
1304 2071
1313 2032
1358 469
1170 2295
1472 1857
1335 443
1399 958
1247 1125
1427 384
1220 2161
1443 1876
1206 1138
1327 447
1474 1120
1366 981
1271 1226
1340 472
1400 961
1317 2030
1433 877
1444 1879
1478 1201
1243 2150
1344 445
1445 1880
1307 2077
1176 2297
1401 965
1477 1178
1338 468
1287 1107
1377 456
1446 1878
1330 453
1252 1131
1245 2154
1224 2168
1368 988
1402 968
1323 2026
1336 464
1406 418
1436 885
1333 458
1403 972
1248 2159
1176 2196
1370 993
1185 2299
1327 2024
1437 889
1404 975
1228 2175
1258 1138
1250 2163
1189 2300
1470 1100
1444 1896
1372 998
1405 979
1333 2020
1438 895
1390 992
1174 2329
1193 2301
1231 2181
1406 983
1253 2168
1439 898
1199 1163
1337 2018
1233 2184
1197 2302
1374 1005
1200 1165
1255 2172
1408 990
1385 1070
1237 1206
1257 2175
1202 2304
1376 1010
1343 2014
1409 993
1203 2302
1462 397
1237 2191
1259 2179
1441 910
1410 997
1347 2012
1384 1063
1200 1177
1200 2297
1411 1000
1261 2183
1241 2198
1377 1021
1352 2009
1412 1004
1383 1056
1226 1197
1205 1181
1197 2292
1378 1025
1443 920
1413 1008
1244 2204
1357 2006
1414 1009
1222 1194
1382 1050
1210 1185
1402 1020
1193 2286
1247 2209
1362 2003
1267 2197
1467 1927
1214 1188
1191 2282
1381 1043
1445 932
1425 1008
1250 2214
1367 2000
1469 1058
1271 2201
1407 1946
1187 2276
1372 1997
1468 1052
1254 2221
1405 1950
1275 2208
1447 942
1472 934
1467 1047
1377 1994
1386 2013
1403 1954
1278 2213
1257 2227
1457 946
1380 1992
1466 1042
1389 2016
1401 1958
1259 2230
1280 2217
1384 1990
1449 954
1465 1037
1399 1962
1282 2220
1261 2234
1392 2022
1387 1988
1284 2224
1464 1032
1397 1967
1264 2239
1245 2264
1395 2028
1451 964
1395 1971
1463 1027
1287 2229
1391 1979
1267 2244
1398 2034
1462 1022
1291 2227
1270 2250
1295 2225
1461 1017
1269 2252
1453 976
1401 2040
1470 1014
1299 2223
1402 2043
1460 1012
1303 2221
1401 2047
1459 1007
1455 986
1307 2219
1400 2052
1458 1002
1311 2217
1399 2057
1456 994
1294 2298
1315 2215
1398 2061
1319 2213
1397 2066
1323 2211
1396 2071
1327 2209
1395 2075
1326 2206
1471 2019
1394 2080
1324 2202
1434 2069
1322 2198
1470 2036
1402 2098
1336 2303
1400 2105
1399 2108
1398 2112
1397 2116
1395 2123
1394 2127
1380 2192
1392 2134
1389 2195
1371 2317
1391 2137
1393 2200
1390 2141
1376 2331
1389 2145
1440 2142
1386 2156
1406 2271
1471 2137
1442 2157
1435 2205
1448 2256
1442 2291
1460 2242
1467 2319
