12.7279 12.0416 11.4018 10.8167 10.2956 9.84886 9.48683 9.21954 9.05539 9 9 9 9 9 9 9 9 9 9 9 9 9 9 9 9 9 9 9.05539 9.21954 9.05539 9 9 9.05539 9.21954 9.48683 9.84886 10.2956 10.8167 11.4018 12.0416 
12.0416 11.3137 10.6301 10 9.43398 8.94427 8.544 8.24621 8.06226 8 8 8 8 8 8 8 8 8 8 8 8 8 8 8 8 8 8 8.06226 8.24621 8.06226 8 8 8.06226 8.24621 8.544 8.94427 9.43398 10 10.6301 11.3137 
11.4018 10.6301 9.89949 9.21954 8.60233 8.06226 7.61577 7.28011 7.07107 7 7 7 7 7 7 7 7 7 7 7 7 7 7 7 7 7 7 7.07107 7.28011 7.07107 7 7 7.07107 7.28011 7.61577 8.06226 8.60233 9.21954 9.89949 10.6301 
10.8167 10 9.21954 8.48528 7.81025 7.2111 6.7082 6.32456 6.08276 6 6 6 6 6 6 6 6 6 6 6 6 6 6 6 6 6 6 6.08276 6.32456 6.08276 6 6 6.08276 6.32456 6.7082 7.2111 7.81025 8.48528 9.21954 10 
10.2956 9.43398 8.60233 7.81025 7.07107 6.40312 5.83095 5.38516 5.09902 5 5 5 5 5 5 5 5 5 5 5 5 5 5 5 5 5 5 5.09902 5.38516 5.09902 5 5 5.09902 5.38516 5.83095 6.40312 7.07107 7.81025 8.60233 9.43398 
9.84886 8.94427 8.06226 7.2111 6.40312 5.65685 5 4.47214 4.12311 4 4 4 4 4 4 4 4 4 4 4 4 4 4 4 4 4 4 4.12311 4.47214 4.12311 4 4 4.12311 4.47214 5 5.65685 6.40312 7.2111 8.06226 8.94427 
9.48683 8.544 7.61577 6.7082 5.83095 5 4.24264 3.60555 3.16228 3 3 3 3 3 3 3 3 3 3 3 3 3 3 3 3 3 3 3.16228 3.60555 3.16228 3 3 3.16228 3.60555 4.24264 5 5.83095 6.7082 7.61577 8.544 
9.21954 8.24621 7.28011 6.32456 5.38516 4.47214 3.60555 2.82843 2.23607 2 2 2 2 2 2 2 2 2 2 2 2 2 2 2 2 2 2 2.23607 2.82843 2.23607 2 2 2.23607 2.82843 3.60555 4.47214 5.38516 6.32456 7.28011 8.24621 
9.05539 8.06226 7.07107 6.08276 5.09902 4.12311 3.16228 2.23607 1.41421 1 1 1 1 1 1 1 1 1 1 1 1 1 1 1 1 1 1 1.41421 2.23607 1.41421 1 1 1.41421 2.23607 3.16228 4.12311 5.09902 6.08276 7.07107 8.06226 
9 8 7 6 5 4 3 2 1 0 0 0 0 0 0 0 0 0 0 0 0 0 0 0 0 0 0 1 2 1 0 0 1 2 3 4 5 6 7 8 
9 8 7 6 5 4 3 2 1 0 0 0 0 0 0 0 0 0 0 0 0 0 0 0 0 0 0 1 2 1 0 0 1 2 3 4 5 6 7 8 
9 8 7 6 5 4 3 2 1 0 0 1 1 1 1 1 1 1 1 1 1 1 1 1 1 1 1 1.41421 2 1 0 0 1 2 3 4 5 6 7 8 
9 8 7 6 5 4 3 2 1 0 0 1 2 2 2 2 2 2 2 2 2 2 2 2 2 2 2 2.23607 2 1 0 0 1 2 3 4 5 6 7 8 
9 8 7 6 5 4 3 2 1 0 0 1 2 3 3 3 3 3 3 3 3 3 3 3 3 3 3 3 2 1 0 0 1 2 3 4 5 6 7 8 
9 8 7 6 5 4 3 2 1 0 0 1 2 3 4 4 4 4 4 4 4 4 4 4 4 4 4 3 2 1 0 0 1 2 3 4 5 6 7 8 
9 8 7 6 5 4 3 2 1 0 0 1 2 3 4 5 5 5 5 5 5 5 5 5 5 5 4 3 2 1 0 0 1 2 3 4 5 6 7 8 
9 8 7 6 5 4 3 2 1 0 0 1 2 3 4 5 6 6 6 6 6 6 6 6 6 5 4 3 2 1 0 0 1 2 3 4 5 6 7 8 
9 8 7 6 5 4 3 2 1 0 0 1 2 3 4 5 6 7 7 7 7 7 7 7 6 5 4 3 2 1 0 0 1 2 3 4 5 6 7 8 
9 8 7 6 5 4 3 2 1 0 0 1 2 3 4 5 6 7 8 8 8 8 8 7 6 5 4 3 2 1 0 0 1 2 3 4 5 6 7 8 
9 8 7 6 5 4 3 2 1 0 0 1 2 3 4 5 6 7 8 9 9 9 8 7 6 5 4 3 2 1 0 0 1 2 3 4 5 6 7 8 
9 8 7 6 5 4 3 2 1 0 0 1 2 3 4 5 6 7 8 9 10 9.05539 8.06226 7.07107 6.08276 5.09902 4.12311 3.16228 2.23607 1.41421 1 1 1.41421 2.23607 3.16228 4.12311 5.09902 6.08276 7.07107 8.06226 
9 8 7 6 5 4 3 2 1 0 0 1 2 3 4 5 6 7 8 9 9 9 8 7 6 5 4 3 2 1 0 0 1 2 3 4 5 6 7 8 
9 8 7 6 5 4 3 2 1 0 0 1 2 3 4 5 6 7 8 8 8 8 8 7 6 5 4 3 2 1 0 0 1 2 3 4 5 6 7 8 
9 8 7 6 5 4 3 2 1 0 0 1 2 3 4 5 6 7 7 7 7 7 7 7 6 5 4 3 2 1 0 0 1 2 3 4 5 6 7 8 
9 8 7 6 5 4 3 2 1 0 0 1 2 3 4 5 6 6 6 6 6 6 6 6 6 5 4 3 2 1 0 0 1 2 3 4 5 6 7 8 
9 8 7 6 5 4 3 2 1 0 0 1 2 3 4 5 5 5 5 5 5 5 5 5 5 5 4 3 2 1 0 0 1 2 3 4 5 6 7 8 
9 8 7 6 5 4 3 2 1 0 0 1 2 3 4 4 4 4 4 4 4 4 4 4 4 4 4 3 2 1 0 0 1 2 3 4 5 6 7 8 
9 8 7 6 5 4 3 2 1 0 0 1 2 3 3 3 3 3 3 3 3 3 3 3 3 3 3 3 2 1 0 0 1 2 3 4 5 6 7 8 
9 8 7 6 5 4 3 2 1 0 0 1 2 2 2 2 2 2 2 2 2 2 2 2 2 2 2 2 2 1 0 0 1 2 3 4 5 6 7 8 
9 8 7 6 5 4 3 2 1 0 0 1 1 1 1 1 1 1 1 1 1 1 1 1 1 1 1 1 1 1 0 0 1 2 3 4 5 6 7 8 
9 8 7 6 5 4 3 2 1 0 0 0 0 0 0 0 0 0 0 0 0 0 0 0 0 0 0 0 0 0 0 0 1 2 3 4 5 6 7 8 
9 8 7 6 5 4 3 2 1 0 0 0 0 0 0 0 0 0 0 0 0 0 0 0 0 0 0 0 0 0 0 0 1 2 3 4 5 6 7 8 
9.05539 8.06226 7.07107 6.08276 5.09902 4.12311 3.16228 2.23607 1.41421 1 1 1 1 1 1 1 1 1 1 1 1 1 1 1 1 1 1 1 1 1 1 1 1.41421 2.23607 3.16228 4.12311 5.09902 6.08276 7.07107 8.06226 
9.21954 8.24621 7.28011 6.32456 5.38516 4.47214 3.60555 2.82843 2.23607 2 2 2 2 2 2 2 2 2 2 2 2 2 2 2 2 2 2 2 2 2 2 2 2.23607 2.82843 3.60555 4.47214 5.38516 6.32456 7.28011 8.24621 
9.48683 8.544 7.61577 6.7082 5.83095 5 4.24264 3.60555 3.16228 3 3 3 3 3 3 3 3 3 3 3 3 3 3 3 3 3 3 3 3 3 3 3 3.16228 3.60555 4.24264 5 5.83095 6.7082 7.61577 8.544 
9.84886 8.94427 8.06226 7.2111 6.40312 5.65685 5 4.47214 4.12311 4 4 4 4 4 4 4 4 4 4 4 4 4 4 4 4 4 4 4 4 4 4 4 4.12311 4.47214 5 5.65685 6.40312 7.2111 8.06226 8.94427 
10.2956 9.43398 8.60233 7.81025 7.07107 6.40312 5.83095 5.38516 5.09902 5 5 5 5 5 5 5 5 5 5 5 5 5 5 5 5 5 5 5 5 5 5 5 5.09902 5.38516 5.83095 6.40312 7.07107 7.81025 8.60233 9.43398 
10.8167 10 9.21954 8.48528 7.81025 7.2111 6.7082 6.32456 6.08276 6 6 6 6 6 6 6 6 6 6 6 6 6 6 6 6 6 6 6 6 6 6 6 6.08276 6.32456 6.7082 7.2111 7.81025 8.48528 9.21954 10 
11.4018 10.6301 9.89949 9.21954 8.60233 8.06226 7.61577 7.28011 7.07107 7 7 7 7 7 7 7 7 7 7 7 7 7 7 7 7 7 7 7 7 7 7 7 7.07107 7.28011 7.61577 8.06226 8.60233 9.21954 9.89949 10.6301 
12.0416 11.3137 10.6301 10 9.43398 8.94427 8.544 8.24621 8.06226 8 8 8 8 8 8 8 8 8 8 8 8 8 8 8 8 8 8 8 8 8 8 8 8.06226 8.24621 8.544 8.94427 9.43398 10 10.6301 11.3137 
