0 0 0 0 0 0 0 0 0 0 0 0 0 0 0 0 0 0 0 0 0 0 0 0 0 0 0 0 0 0 0 0 0 0 0 0 0 0 0 0 
0 0 0 0 0 0 0 0 0 0 0 0 0 0 0 0 0 0 0 0 0 0 0 0 0 0 0 0 0 0 0 0 0 0 0 0 0 0 0 0 
0 0 0 0 0 0 0 0 0 0 0 0 0 0 0 0 0 0 0 0 0 0 0 0 0 0 0 0 0 0 0 0 0 0 0 0 0 0 0 0 
0 0 0 0 0 0 0 0 0 0 0 0 0 0 0 0 0 0 0 0 0 0 0 0 0 0 0 0 0 0 0 0 0 0 0 0 0 0 0 0 
0 0 0 0 0 0 0 0 0 0 0 0 0 0 0 0 0 0 0 0 0 0 0 0 0 0 0 0 0 0 0 0 0 0 0 0 0 0 0 0 
0 0 0 0 0 0 0 0 0 0 0 0 0 0 0 0 0 0 0 0 0 0 0 0 0 0 0 0 0 0 0 0 0 0 0 0 0 0 0 0 
0 0 0 0 0 0 0 0 0 0 0 0 0 0 0 0 0 0 0 0 0 0 0 0 0 0 0 0 0 0 0 0 0 0 0 0 0 0 0 0 
0 0 0 0 0 0 0 0 0 0 0 0 0 0 0 0 0 0 0 0 0 0 0 0 0 0 0 0 0 0 0 0 0 0 0 0 0 0 0 0 
0 0 0 0 0 0 0 0 0 0 0 0 0 0 0 0 0 0 0 0 0 0 0 0 0 0 0 0 0 0 0 0 0 0 0 0 0 0 0 0 
5 5 5 5 5 5 5 5 5 0 0 0 0 0 0 0 0 0 0 0 0 0 0 0 0 0 0 0 0 0 0 0 1 1 0 0 0 0 0 0 
5 5 5 5 5 5 5 5 5 5 2 2 2 2 2 2 2 2 2 2 2 2 2 2 2 0 0 0 0 0 0 1 1 1 1 1 1 1 1 0 
5 5 5 5 5 5 5 5 6 5 2 2 2 2 2 2 2 2 2 2 2 2 2 2 2 2 0 0 0 0 0 1 3 1 1 1 1 1 1 1 
5 5 5 5 5 5 5 6 6 6 2 2 2 2 2 2 2 2 2 2 2 2 2 2 2 0 0 0 0 0 0 3 3 1 1 1 1 1 1 1 
5 5 5 5 5 5 5 6 6 6 2 2 2 2 2 2 2 2 2 2 2 2 2 2 2 0 0 0 0 0 0 3 3 3 1 1 1 1 1 1 
5 5 5 5 5 5 6 6 6 6 2 2 2 2 2 2 2 2 2 2 2 2 2 2 0 0 0 0 0 0 0 3 3 3 1 1 1 1 1 1 
5 5 5 5 5 5 6 6 6 6 2 2 2 2 2 2 2 2 2 2 2 2 2 0 0 0 0 0 0 0 0 3 3 3 3 1 1 1 1 1 
5 5 5 5 5 6 6 6 6 6 2 2 2 2 2 2 2 2 2 2 2 2 2 0 0 0 0 0 0 0 0 3 3 3 3 1 1 1 1 1 
5 5 5 5 5 6 6 6 6 6 2 2 2 2 2 2 2 2 2 2 2 2 2 0 0 0 0 0 0 0 0 3 3 3 3 3 1 1 1 1 
5 5 5 5 6 6 6 6 6 6 2 2 2 2 2 2 2 2 2 2 2 0 0 0 0 0 0 0 0 0 0 3 3 3 3 3 1 1 1 1 
5 5 5 5 6 6 6 6 6 6 2 2 2 2 2 2 2 2 2 2 2 0 0 0 0 0 0 0 0 0 0 4 3 3 3 3 3 1 1 1 
5 5 5 6 6 6 6 6 6 6 2 2 2 2 2 2 2 2 2 2 0 0 0 0 0 0 0 0 0 0 4 4 3 3 3 3 3 1 1 1 
5 5 5 6 6 6 6 6 6 6 2 2 2 2 2 2 2 2 2 0 0 0 0 0 0 0 0 0 0 0 0 4 3 3 3 3 3 3 1 1 
5 5 6 6 6 6 6 6 6 6 2 2 2 2 2 2 2 2 0 0 0 0 0 0 0 0 0 0 0 0 0 3 3 3 3 3 3 3 1 1 
5 5 6 6 6 6 6 6 6 6 2 2 2 2 2 2 2 2 0 0 0 0 0 0 0 0 0 0 0 0 0 3 3 3 3 3 3 3 3 1 
5 6 6 6 6 6 6 6 6 6 2 2 2 2 2 2 2 0 0 0 0 0 0 0 0 0 0 0 0 0 0 3 3 3 3 3 3 3 3 1 
5 6 6 6 6 6 6 6 6 6 2 2 2 2 2 2 0 0 0 0 0 0 0 0 0 0 0 0 0 0 0 3 3 3 3 3 3 3 3 3 
6 6 6 6 6 6 6 6 6 6 2 2 2 2 2 2 2 0 0 0 0 0 0 0 0 0 0 0 0 0 0 3 3 3 3 3 3 3 3 3 
6 6 6 6 6 6 6 6 6 6 2 2 2 2 2 0 0 0 0 0 0 0 0 0 0 0 0 0 0 0 0 3 3 3 3 3 3 3 3 3 
6 6 6 6 6 6 6 6 6 6 2 2 2 2 0 0 0 0 0 0 0 0 0 0 0 0 0 0 0 0 0 3 3 3 3 3 3 3 3 3 
6 6 6 6 6 6 6 6 6 6 2 2 2 0 0 0 0 0 0 0 0 0 0 0 0 0 0 0 0 0 0 3 3 3 3 3 3 3 3 3 
6 6 6 6 6 6 6 6 6 6 2 2 0 0 0 0 0 0 0 0 0 0 0 0 0 0 0 0 0 0 0 3 3 3 3 3 3 3 3 3 
6 6 6 6 6 6 6 6 6 6 9 9 10 8 8 8 8 8 8 8 8 8 8 8 8 8 8 8 8 7 7 3 3 3 3 3 3 3 3 3 
6 6 6 6 6 6 6 6 6 9 9 10 10 8 8 8 8 8 8 8 8 8 8 8 8 8 8 8 8 8 7 7 3 3 3 3 3 3 3 3 
6 6 6 6 6 6 6 6 6 9 9 9 8 8 8 8 8 8 8 8 8 8 8 8 8 8 8 8 7 7 7 7 3 3 3 3 3 3 3 3 
6 6 6 6 6 6 6 6 6 9 9 9 8 8 8 8 8 8 8 8 8 8 8 8 8 8 7 7 7 7 7 7 3 3 3 3 3 3 3 3 
6 6 6 6 6 6 6 6 6 9 9 9 8 8 8 8 8 8 8 8 8 8 8 8 7 7 7 7 7 7 7 7 3 3 3 3 3 3 3 3 
6 6 6 6 6 6 6 6 6 9 9 8 8 8 8 8 8 8 8 8 8 8 7 7 7 7 7 7 7 7 7 7 3 3 3 3 3 3 3 3 
6 6 6 6 6 6 6 6 6 9 9 8 8 8 8 8 8 8 8 8 7 7 7 7 7 7 7 7 7 7 7 7 3 3 3 3 3 3 3 3 
6 6 6 6 6 6 6 6 6 9 8 8 8 8 8 8 8 8 7 7 7 7 7 7 7 7 7 7 7 7 7 7 3 3 3 3 3 3 3 3 
6 6 6 6 6 6 6 6 6 9 8 8 8 8 8 8 7 7 7 7 7 7 7 7 7 7 7 7 7 7 7 7 3 3 3 3 3 3 3 3 
