28 8 28 8 28 8 28 8 28 8 28 8 28 8 28 8 28 8 28 8 28 8 28 8 28 8 28 8 28 8 28 8 28 8 28 8 28 8 28 8 28 8 28 8 28 8 28 8 28 8 28 8 28 8 28 8 28 8 28 8 28 8 28 8 28 8 28 8 28 8 28 8 28 8 28 8 28 8 28 8 
28 8 28 8 28 8 28 8 28 8 28 8 28 8 28 8 28 8 28 8 28 8 28 8 28 8 28 8 28 8 28 8 28 8 28 8 28 8 28 8 28 8 28 8 28 8 28 8 28 8 28 8 28 8 28 8 28 8 28 8 28 8 28 8 28 8 28 8 28 8 28 8 28 8 28 8 28 8 28 8 
28 8 28 8 28 8 28 8 28 8 28 8 28 8 28 8 28 8 28 8 28 8 28 8 28 8 28 8 28 8 28 8 28 8 28 8 28 8 28 8 28 8 28 8 28 8 28 8 28 8 28 8 28 8 28 8 28 8 28 8 28 8 28 8 28 8 28 8 28 8 28 8 28 8 28 8 28 8 28 8 
28 8 28 8 28 8 28 8 28 8 28 8 28 8 28 8 28 8 28 8 28 8 28 8 28 8 28 8 28 8 28 8 28 8 28 8 28 8 28 8 28 8 28 8 28 8 28 8 28 8 28 8 28 8 28 8 28 8 28 8 28 8 28 8 28 8 28 8 28 8 28 8 28 8 28 8 28 8 28 8 
28 8 28 8 28 8 28 8 28 8 28 8 28 8 28 8 28 8 28 8 28 8 28 8 28 8 28 8 28 8 28 8 28 8 28 8 28 8 28 8 28 8 28 8 28 8 28 8 28 8 28 8 28 8 28 8 28 8 28 8 28 8 28 8 28 8 28 8 28 8 28 8 28 8 28 8 28 8 28 8 
28 8 28 8 28 8 28 8 28 8 28 8 28 8 28 8 28 8 28 8 28 8 28 8 28 8 28 8 28 8 28 8 28 8 28 8 28 8 28 8 28 8 28 8 28 8 28 8 28 8 28 8 28 8 28 8 28 8 28 8 28 8 28 8 28 8 28 8 28 8 28 8 28 8 28 8 28 8 28 8 
28 8 28 8 28 8 28 8 28 8 28 8 28 8 28 8 28 8 28 8 28 8 28 8 28 8 28 8 28 8 28 8 28 8 28 8 28 8 28 8 28 8 28 8 28 8 28 8 28 8 28 8 28 8 28 8 28 8 28 8 28 8 28 8 28 8 28 8 28 8 28 8 28 8 28 8 28 8 28 8 
28 8 28 8 28 8 28 8 28 8 28 8 28 8 28 8 28 8 28 8 28 8 28 8 28 8 28 8 28 8 28 8 28 8 28 8 28 8 28 8 28 8 28 8 28 8 28 8 28 8 28 8 28 8 28 8 28 8 28 8 28 8 28 8 28 8 28 8 28 8 28 8 28 8 28 8 28 8 28 8 
28 8 28 8 28 8 28 8 28 8 28 8 28 8 28 8 28 8 28 8 28 8 28 8 28 8 28 8 28 8 28 8 28 8 28 8 28 8 28 8 28 8 28 8 28 8 28 8 28 8 28 8 28 8 28 8 28 8 28 8 28 8 28 8 28 8 28 8 28 8 28 8 28 8 28 8 28 8 28 8 
9 8 9 8 9 8 9 8 9 8 9 8 9 8 9 8 9 8 28 8 28 8 28 8 28 8 28 8 28 8 28 8 28 8 28 8 28 8 28 8 28 8 28 8 28 8 28 8 28 8 28 8 28 8 28 8 28 8 28 8 28 8 28 8 31 8 31 8 28 8 28 8 28 8 28 8 28 8 28 8 
9 8 9 8 9 8 9 8 9 8 9 8 9 8 9 8 9 8 9 8 26 11 26 11 26 11 26 11 26 11 26 11 26 11 26 11 26 11 26 11 26 11 26 11 26 11 26 11 26 11 28 8 28 8 28 8 28 8 28 8 28 8 31 8 31 8 31 8 31 8 31 8 31 8 31 8 31 8 28 8 
9 8 9 8 9 8 9 8 9 8 9 8 9 8 9 8 8 10 9 8 26 11 26 11 26 11 26 11 26 11 26 11 26 11 26 11 26 11 26 11 26 11 26 11 26 11 26 11 26 11 26 11 28 8 28 8 28 8 28 8 28 8 31 8 32 10 31 8 31 8 31 8 31 8 31 8 31 8 31 8 
9 8 9 8 9 8 9 8 9 8 9 8 9 8 8 10 8 10 8 10 26 11 26 11 26 11 26 11 26 11 26 11 26 11 26 11 26 11 26 11 26 11 26 11 26 11 26 11 26 11 28 8 28 8 28 8 28 8 28 8 28 8 32 10 32 10 31 8 31 8 31 8 31 8 31 8 31 8 31 8 
9 8 9 8 9 8 9 8 9 8 9 8 9 8 8 10 8 10 8 10 26 11 26 11 26 11 26 11 26 11 26 11 26 11 26 11 26 11 26 11 26 11 26 11 26 11 26 11 26 11 28 8 28 8 28 8 28 8 28 8 28 8 32 10 32 10 32 10 31 8 31 8 31 8 31 8 31 8 31 8 
9 8 9 8 9 8 9 8 9 8 9 8 8 10 8 10 8 10 8 10 26 11 26 11 26 11 26 11 26 11 26 11 26 11 26 11 26 11 26 11 26 11 26 11 26 11 26 11 28 8 28 8 28 8 28 8 28 8 28 8 28 8 32 10 32 10 32 10 31 8 31 8 31 8 31 8 31 8 31 8 
9 8 9 8 9 8 9 8 9 8 9 8 8 10 8 10 8 10 8 10 26 11 26 11 26 11 26 11 26 11 26 11 26 11 26 11 26 11 26 11 26 11 26 11 26 11 28 8 28 8 28 8 28 8 28 8 28 8 28 8 28 8 32 10 32 10 32 10 32 10 31 8 31 8 31 8 31 8 31 8 
9 8 9 8 9 8 9 8 9 8 8 10 8 10 8 10 8 10 8 10 26 11 26 11 26 11 26 11 26 11 26 11 26 11 26 11 26 11 26 11 26 11 26 11 26 11 28 8 28 8 28 8 28 8 28 8 28 8 28 8 28 8 32 10 32 10 32 10 32 10 31 8 31 8 31 8 31 8 31 8 
9 8 9 8 9 8 9 8 9 8 8 10 8 10 8 10 8 10 8 10 26 11 26 11 26 11 26 11 26 11 26 11 26 11 26 11 26 11 26 11 26 11 26 11 26 11 28 8 28 8 28 8 28 8 28 8 28 8 28 8 28 8 32 10 32 10 32 10 32 10 32 10 31 8 31 8 31 8 31 8 
9 8 9 8 9 8 9 8 8 10 8 10 8 10 8 10 8 10 8 10 26 11 26 11 26 11 26 11 26 11 26 11 26 11 26 11 26 11 26 11 26 11 28 8 28 8 28 8 28 8 28 8 28 8 28 8 28 8 28 8 28 8 32 10 32 10 32 10 32 10 32 10 31 8 31 8 31 8 31 8 
9 8 9 8 9 8 9 8 8 10 8 10 8 10 8 10 8 10 8 10 26 11 26 11 26 11 26 11 26 11 26 11 26 11 26 11 26 11 26 11 26 11 28 8 28 8 28 8 28 8 28 8 28 8 28 8 28 8 28 8 28 8 29 19 32 10 32 10 32 10 32 10 32 10 31 8 31 8 31 8 
9 8 9 8 9 8 8 10 8 10 8 10 8 10 8 10 8 10 8 10 26 11 26 11 26 11 26 11 26 11 26 11 26 11 26 11 26 11 26 11 28 8 28 8 28 8 28 8 28 8 28 8 28 8 28 8 28 8 28 8 29 19 29 19 32 10 32 10 32 10 32 10 32 10 31 8 31 8 31 8 
9 8 9 8 9 8 8 10 8 10 8 10 8 10 8 10 8 10 8 10 26 11 26 11 26 11 26 11 26 11 26 11 26 11 26 11 26 11 28 8 28 8 28 8 28 8 28 8 28 8 28 8 28 8 28 8 28 8 28 8 28 8 29 19 32 10 32 10 32 10 32 10 32 10 32 10 31 8 31 8 
9 8 9 8 8 10 8 10 8 10 8 10 8 10 8 10 8 10 8 10 26 11 26 11 26 11 26 11 26 11 26 11 26 11 26 11 28 8 28 8 28 8 28 8 28 8 28 8 28 8 28 8 28 8 28 8 28 8 28 8 28 8 32 10 32 10 32 10 32 10 32 10 32 10 32 10 31 8 31 8 
9 8 9 8 8 10 8 10 8 10 8 10 8 10 8 10 8 10 8 10 26 11 26 11 26 11 26 11 26 11 26 11 26 11 26 11 28 8 28 8 28 8 28 8 28 8 28 8 28 8 28 8 28 8 28 8 28 8 28 8 28 8 32 10 32 10 32 10 32 10 32 10 32 10 32 10 32 10 31 8 
9 8 8 10 8 10 8 10 8 10 8 10 8 10 8 10 8 10 8 10 26 11 26 11 26 11 26 11 26 11 26 11 26 11 28 8 28 8 28 8 28 8 28 8 28 8 28 8 28 8 28 8 28 8 28 8 28 8 28 8 28 8 32 10 32 10 32 10 32 10 32 10 32 10 32 10 32 10 31 8 
9 8 8 10 8 10 8 10 8 10 8 10 8 10 8 10 8 10 8 10 26 11 26 11 26 11 26 11 26 11 26 11 28 8 28 8 28 8 28 8 28 8 28 8 28 8 28 8 28 8 28 8 28 8 28 8 28 8 28 8 28 8 32 10 32 10 32 10 32 10 32 10 32 10 32 10 32 10 32 10 
8 10 8 10 8 10 8 10 8 10 8 10 8 10 8 10 8 10 8 10 26 11 26 11 26 11 26 11 26 11 26 11 26 11 28 8 28 8 28 8 28 8 28 8 28 8 28 8 28 8 28 8 28 8 28 8 28 8 28 8 28 8 32 10 32 10 32 10 32 10 32 10 32 10 32 10 32 10 32 10 
8 10 8 10 8 10 8 10 8 10 8 10 8 10 8 10 8 10 8 10 26 11 26 11 26 11 26 11 26 11 28 8 28 8 28 8 28 8 28 8 28 8 28 8 28 8 28 8 28 8 28 8 28 8 28 8 28 8 28 8 28 8 32 10 32 10 32 10 32 10 32 10 32 10 32 10 32 10 32 10 
8 10 8 10 8 10 8 10 8 10 8 10 8 10 8 10 8 10 8 10 26 11 26 11 26 11 26 11 28 8 28 8 28 8 28 8 28 8 28 8 28 8 28 8 28 8 28 8 28 8 28 8 28 8 28 8 28 8 28 8 28 8 32 10 32 10 32 10 32 10 32 10 32 10 32 10 32 10 32 10 
8 10 8 10 8 10 8 10 8 10 8 10 8 10 8 10 8 10 8 10 26 11 26 11 26 11 28 8 28 8 28 8 28 8 28 8 28 8 28 8 28 8 28 8 28 8 28 8 28 8 28 8 28 8 28 8 28 8 28 8 28 8 32 10 32 10 32 10 32 10 32 10 32 10 32 10 32 10 32 10 
8 10 8 10 8 10 8 10 8 10 8 10 8 10 8 10 8 10 8 10 26 11 26 11 28 8 28 8 28 8 28 8 28 8 28 8 28 8 28 8 28 8 28 8 28 8 28 8 28 8 28 8 28 8 28 8 28 8 28 8 28 8 32 10 32 10 32 10 32 10 32 10 32 10 32 10 32 10 32 10 
8 10 8 10 8 10 8 10 8 10 8 10 8 10 8 10 8 10 8 10 8 31 8 31 10 32 30 32 30 32 30 32 30 32 30 32 30 32 30 32 30 32 30 32 30 32 30 32 30 32 30 32 30 32 30 32 30 32 32 31 32 31 32 10 32 10 32 10 32 10 32 10 32 10 32 10 32 10 32 10 
8 10 8 10 8 10 8 10 8 10 8 10 8 10 8 10 8 10 8 31 8 31 10 32 10 32 30 32 30 32 30 32 30 32 30 32 30 32 30 32 30 32 30 32 30 32 30 32 30 32 30 32 30 32 30 32 30 32 30 32 32 31 32 31 32 10 32 10 32 10 32 10 32 10 32 10 32 10 32 10 
8 10 8 10 8 10 8 10 8 10 8 10 8 10 8 10 8 10 8 31 8 31 8 31 30 32 30 32 30 32 30 32 30 32 30 32 30 32 30 32 30 32 30 32 30 32 30 32 30 32 30 32 30 32 30 32 32 31 32 31 32 31 32 31 32 10 32 10 32 10 32 10 32 10 32 10 32 10 32 10 
8 10 8 10 8 10 8 10 8 10 8 10 8 10 8 10 8 10 8 31 8 31 8 31 30 32 30 32 30 32 30 32 30 32 30 32 30 32 30 32 30 32 30 32 30 32 30 32 30 32 30 32 32 31 32 31 32 31 32 31 32 31 32 31 32 10 32 10 32 10 32 10 32 10 32 10 32 10 32 10 
8 10 8 10 8 10 8 10 8 10 8 10 8 10 8 10 8 10 8 31 8 31 8 31 30 32 30 32 30 32 30 32 30 32 30 32 30 32 30 32 30 32 30 32 30 32 30 32 32 31 32 31 32 31 32 31 32 31 32 31 32 31 32 31 32 10 32 10 32 10 32 10 32 10 32 10 32 10 32 10 
8 10 8 10 8 10 8 10 8 10 8 10 8 10 8 10 8 10 8 31 8 31 30 32 30 32 30 32 30 32 30 32 30 32 30 32 30 32 30 32 30 32 30 32 32 31 32 31 32 31 32 31 32 31 32 31 32 31 32 31 32 31 32 31 32 10 32 10 32 10 32 10 32 10 32 10 32 10 32 10 
8 10 8 10 8 10 8 10 8 10 8 10 8 10 8 10 8 10 8 31 8 31 30 32 30 32 30 32 30 32 30 32 30 32 30 32 30 32 30 32 32 31 32 31 32 31 32 31 32 31 32 31 32 31 32 31 32 31 32 31 32 31 32 31 32 10 32 10 32 10 32 10 32 10 32 10 32 10 32 10 
8 10 8 10 8 10 8 10 8 10 8 10 8 10 8 10 8 10 8 31 30 32 30 32 30 32 30 32 30 32 30 32 30 32 30 32 32 31 32 31 32 31 32 31 32 31 32 31 32 31 32 31 32 31 32 31 32 31 32 31 32 31 32 31 32 10 32 10 32 10 32 10 32 10 32 10 32 10 32 10 
8 10 8 10 8 10 8 10 8 10 8 10 8 10 8 10 8 10 8 31 30 32 30 32 30 32 30 32 30 32 30 32 32 31 32 31 32 31 32 31 32 31 32 31 32 31 32 31 32 31 32 31 32 31 32 31 32 31 32 31 32 31 32 31 32 10 32 10 32 10 32 10 32 10 32 10 32 10 32 10 
