402 115
412 111
417 110
386 116
422 109
381 115
427 108
375 114
433 107
369 113
434 105
376 149
435 94
372 147
436 90
367 145
437 85
435 84
363 143
358 141
354 139
419 83
414 82
346 171
407 81
341 169
336 167
331 165
328 164
323 162
385 79
318 160
315 159
378 78
310 157
305 155
326 217
300 153
297 152
356 76
292 150
288 177
286 179
349 75
287 148
283 146
283 144
284 141
322 247
274 143
286 135
266 184
330 73
287 132
265 186
328 75
266 141
289 129
257 166
293 129
313 264
258 139
299 131
251 162
255 138
312 268
264 200
311 271
247 160
252 141
315 50
304 133
263 204
327 93
310 274
244 158
329 94
309 277
309 135
245 155
263 210
249 147
308 280
265 211
312 136
307 283
295 102
306 286
271 214
232 138
342 102
304 291
230 135
291 49
256 227
299 289
289 51
296 288
227 129
254 232
293 287
216 200
224 124
252 237
210 191
288 285
208 193
288 302
250 242
206 192
209 195
221 118
203 183
273 51
251 244
282 283
307 320
271 54
279 282
199 186
282 307
256 247
217 111
279 309
275 280
259 249
268 60
199 214
262 251
214 105
270 277
297 329
241 259
191 206
271 316
211 100
188 196
252 265
211 97
263 272
240 266
249 55
255 267
178 193
288 337
247 58
213 91
175 195
302 349
239 274
194 97
214 88
245 64
281 328
300 353
170 198
216 84
189 99
167 200
238 282
298 357
220 84
185 101
296 361
224 86
162 203
238 306
229 64
181 103
237 307
227 87
294 366
227 67
177 105
157 206
231 89
292 370
172 107
290 374
168 109
288 378
164 111
238 326
287 381
240 327
160 113
285 385
156 115
283 389
159 272
281 393
151 117
280 396
156 278
147 119
213 339
278 400
143 121
153 284
133 259
276 404
139 123
129 257
274 408
150 290
135 125
273 411
124 255
148 295
131 127
271 415
212 362
269 419
125 131
209 364
267 423
149 306
121 133
266 426
204 367
265 427
115 137
199 370
150 317
259 423
111 139
255 421
195 378
105 143
151 327
102 146
248 417
188 383
335 473
223 402
99 152
242 413
184 386
152 338
226 404
238 411
96 158
231 407
176 377
93 164
90 170
58 254
160 359
57 252
168 368
57 250
87 176
52 263
58 246
50 265
84 182
59 242
60 238
81 188
61 234
62 230
78 194
63 226
75 199
64 222
73 202
65 218
70 207
66 214
49 316
49 332
75 394
68 395
61 396
58 397
57 395
50 368
55 387
51 372
52 376
