292 39
315 24
402 115
412 111
417 110
386 116
422 109
381 115
272 52
427 108
375 114
269 58
433 107
369 113
434 105
318 59
318 63
316 64
376 149
435 94
249 55
372 147
436 90
247 58
367 145
437 85
245 64
435 84
363 143
358 141
304 85
354 139
229 64
302 89
327 93
227 67
329 94
419 83
300 93
414 82
225 74
346 171
296 100
223 79
407 81
341 169
223 81
294 104
342 102
292 105
307 113
336 167
215 85
306 116
331 165
305 119
306 121
213 92
326 163
282 115
323 162
312 123
211 97
211 100
277 118
318 160
317 125
315 159
272 121
287 132
215 107
310 157
267 124
217 111
285 139
305 155
262 127
326 217
283 144
221 118
300 153
283 146
259 129
275 144
285 147
297 152
223 122
290 149
252 131
288 177
226 127
274 154
286 179
247 133
252 141
217 134
228 131
230 135
249 147
273 164
240 135
271 165
232 138
322 247
222 145
246 153
222 149
266 184
244 158
265 186
220 154
247 160
257 166
218 159
215 161
313 264
139 123
212 163
312 268
264 200
135 125
311 271
263 204
310 274
131 127
309 277
263 210
308 280
265 211
125 131
307 283
121 133
306 286
271 214
304 291
209 190
115 137
256 227
206 192
208 194
299 289
111 139
217 199
296 288
254 232
293 287
105 143
252 237
183 190
211 204
288 285
102 146
288 302
250 242
185 199
178 193
251 244
282 283
205 209
99 152
307 320
175 195
191 206
193 208
279 282
282 307
256 247
170 198
279 309
275 280
96 158
259 249
262 251
165 201
270 277
93 164
297 329
241 259
162 203
271 316
252 265
90 170
263 272
157 206
240 266
320 349
255 267
154 208
288 337
87 176
302 349
239 274
149 211
281 328
300 353
84 182
238 282
298 357
81 188
296 361
238 306
237 307
78 194
294 366
292 370
75 199
290 374
72 204
288 378
238 326
287 381
68 210
240 327
285 385
66 215
159 272
283 389
133 259
281 393
64 223
156 278
129 257
280 396
213 339
278 400
124 255
153 284
62 231
276 404
150 290
274 408
60 239
273 411
148 295
271 415
58 247
212 362
269 419
209 364
149 306
57 253
267 423
59 254
266 426
204 367
265 427
150 317
199 370
259 423
50 265
255 421
195 378
151 327
248 417
188 383
7 256
223 402
152 338
242 413
184 386
226 404
238 411
231 407
176 377
160 359
168 368
49 316
49 332
50 368
51 372
52 376
53 380
54 384
55 388
75 394
56 392
57 396
58 397
68 395
