211 76
225 80
229 81
214 97
233 82
216 98
224 53
237 83
221 100
241 84
245 85
230 103
241 52
245 52
235 41
235 105
250 54
237 34
241 107
162 87
255 56
160 84
239 29
246 109
260 58
157 78
196 136
265 60
242 20
255 112
195 139
154 73
270 62
260 114
148 111
261 23
193 147
150 66
266 116
232 10
141 113
262 131
147 60
263 132
191 155
271 118
227 8
191 158
273 24
262 136
144 55
276 120
194 160
222 6
277 118
261 140
260 144
200 163
217 4
140 48
280 112
285 25
140 46
259 148
212 2
282 108
258 152
142 41
125 49
207 0
278 104
257 157
121 51
144 36
296 26
118 136
256 161
146 33
117 53
150 33
255 165
113 139
113 55
254 169
308 27
155 35
178 193
108 142
108 58
253 173
158 36
309 99
104 60
103 145
100 62
258 182
100 147
320 28
159 16
311 92
96 149
163 16
95 65
256 188
313 87
170 209
255 191
91 67
168 18
331 29
183 214
315 82
171 19
87 69
316 80
253 198
188 218
252 199
313 78
82 72
169 223
83 160
248 197
192 221
178 5
343 30
78 74
306 76
183 5
77 163
74 76
197 225
301 74
187 6
201 228
168 237
69 79
355 31
191 7
317 58
166 238
294 72
65 81
195 8
206 232
61 83
168 247
366 32
367 33
54 87
164 254
366 38
192 257
91 221
50 89
168 259
222 234
365 44
231 236
226 235
160 261
168 265
88 227
364 49
363 55
43 93
202 267
86 232
60 208
156 268
38 96
169 276
228 257
153 273
34 98
83 238
171 277
53 204
151 277
30 100
233 263
80 244
26 102
79 247
71 244
147 284
41 216
238 270
40 217
145 287
20 108
21 110
80 257
179 298
233 277
24 115
41 227
182 300
43 228
231 281
81 268
188 303
48 245
17 204
47 243
142 310
194 306
82 278
234 297
138 313
10 200
200 309
232 301
230 305
131 318
83 289
3 196
206 312
228 309
0 194
212 315
226 313
125 328
224 317
218 318
120 331
94 310
110 328
