292 39
272 52
316 50
318 52
269 58
318 63
316 64
249 55
247 58
245 64
304 85
229 64
302 89
327 93
227 67
329 94
300 93
225 74
296 100
223 79
223 81
294 104
342 102
292 105
307 113
215 85
306 116
379 78
305 119
306 121
213 92
388 79
282 115
211 97
312 123
211 100
277 118
317 125
398 80
272 121
287 132
215 107
217 111
267 124
285 139
408 81
262 127
283 144
221 118
283 146
259 129
275 144
417 82
285 147
223 122
290 149
252 131
226 127
274 154
427 83
217 134
295 151
247 133
252 141
228 131
230 135
300 153
249 147
273 164
436 84
240 135
232 138
437 85
271 165
222 145
306 155
246 153
222 149
436 92
311 157
244 158
220 154
316 159
247 160
435 99
257 166
218 159
321 161
215 161
434 106
265 186
139 123
432 107
326 163
212 163
135 125
331 165
131 127
420 109
264 200
337 167
125 131
416 110
263 204
342 169
334 185
121 133
346 171
263 210
333 189
408 111
347 169
265 211
209 190
332 193
115 137
405 112
206 192
349 164
208 194
331 197
271 214
111 139
217 199
330 201
395 114
352 156
105 143
329 205
256 227
183 190
350 155
211 204
102 146
328 209
254 232
185 199
178 193
386 116
327 213
205 209
99 152
175 195
193 208
191 206
252 237
381 115
326 217
170 198
325 221
250 242
96 158
375 114
251 244
324 225
377 148
165 201
93 164
369 113
256 247
162 203
327 231
259 249
90 170
157 206
262 251
325 238
154 208
241 259
87 176
324 242
252 265
149 211
323 246
240 266
255 267
321 247
84 182
258 269
239 274
81 188
264 273
78 194
238 282
270 277
75 199
273 279
312 268
237 290
72 204
277 281
310 274
236 298
282 283
309 277
68 210
308 280
66 215
307 283
232 305
237 307
159 272
291 286
306 286
133 259
262 310
229 310
305 290
296 288
64 223
156 278
129 257
304 291
227 314
271 316
124 255
153 284
225 318
62 231
296 305
238 326
150 290
240 327
221 325
300 310
60 239
148 295
281 328
218 330
304 315
58 247
284 332
216 334
307 320
149 306
214 338
57 253
288 337
212 339
59 254
150 317
50 265
302 349
151 327
212 362
300 353
209 364
298 357
152 338
204 367
296 361
199 370
294 366
292 370
195 378
290 374
383 367
288 378
160 359
188 383
286 383
223 402
184 386
284 387
226 404
49 316
282 391
231 407
280 396
176 377
236 410
278 400
151 384
149 385
276 404
49 332
243 414
274 408
183 420
273 411
248 417
271 415
255 421
269 419
131 387
267 423
260 424
126 388
266 426
20 354
50 368
108 390
51 372
52 376
103 391
53 380
54 384
55 388
56 392
85 393
57 396
58 397
80 394
65 396
