175 224
226 114
211 76
148 75
225 80
170 209
167 238
168 208
162 87
229 81
151 95
184 205
233 82
208 128
167 85
168 247
185 201
160 206
224 53
237 83
150 102
140 47
172 83
241 84
164 254
178 192
141 44
168 257
208 232
125 49
245 85
149 110
142 41
151 204
196 134
192 256
180 188
147 111
241 52
121 51
147 203
262 131
160 261
144 36
182 184
263 132
168 265
245 52
235 41
142 113
117 53
146 33
143 206
194 143
262 136
184 180
221 234
250 54
113 55
156 268
150 33
261 140
237 34
186 176
276 120
203 268
137 211
277 118
169 276
255 56
192 151
260 144
188 173
155 35
108 58
153 273
222 251
171 277
239 29
229 235
158 36
231 236
259 148
104 60
151 277
260 58
193 173
280 112
191 157
232 234
131 216
192 159
258 152
228 257
100 62
282 108
265 60
242 20
234 229
159 16
147 284
257 157
95 65
270 62
278 104
118 211
163 16
145 287
233 263
256 161
236 222
261 23
91 67
255 165
168 18
118 136
112 213
179 298
87 69
238 217
238 269
171 19
232 10
254 169
237 271
182 300
113 139
240 212
105 215
253 173
82 72
227 8
273 24
234 276
102 216
188 303
108 142
178 5
78 74
309 99
222 6
242 205
258 182
142 310
74 76
183 5
96 218
103 145
230 282
194 306
217 4
244 200
311 92
187 6
285 25
138 313
92 220
256 188
69 79
227 287
212 2
97 149
200 309
90 223
255 191
191 7
253 198
313 87
65 81
195 8
207 0
131 318
81 213
234 297
61 83
206 312
315 82
87 229
296 26
316 80
232 301
313 78
212 315
54 87
230 305
125 328
83 238
50 89
228 309
308 27
67 214
306 76
218 318
120 331
80 244
226 313
222 320
301 74
60 208
79 247
43 93
71 244
317 58
320 28
294 72
54 215
38 96
53 204
80 257
34 98
30 100
331 29
41 216
26 102
40 217
81 268
312 282
48 245
47 243
343 30
20 108
21 110
41 227
82 278
363 55
43 228
24 115
355 31
83 289
17 204
365 42
366 37
10 200
366 32
3 196
0 194
94 310
110 328
