409 115
422 109
427 108
386 116
433 107
434 105
381 115
375 114
435 94
369 113
436 90
376 149
437 85
435 84
372 147
367 145
363 143
419 83
358 141
414 82
354 139
407 81
346 171
341 169
336 167
385 79
331 165
326 163
378 78
323 162
318 160
315 159
310 157
305 155
356 76
300 153
349 75
297 152
292 150
288 177
286 179
287 148
283 146
283 144
330 73
284 141
322 247
328 75
274 143
286 135
266 184
287 132
265 186
266 141
289 129
257 166
314 261
293 129
315 50
327 93
258 139
329 94
299 131
251 162
255 138
264 200
247 160
252 141
304 133
263 204
244 158
309 135
245 155
263 210
249 147
310 104
342 102
265 211
312 136
291 49
271 214
289 51
232 138
304 291
230 135
256 227
299 289
296 288
227 129
254 232
293 287
273 51
216 200
271 54
224 124
252 237
288 285
210 191
288 302
208 193
250 242
206 192
268 60
209 195
221 118
203 183
282 283
251 244
307 320
279 282
282 307
199 186
256 247
217 111
279 309
275 280
259 249
199 214
249 55
262 251
270 277
214 105
297 329
247 58
241 259
191 206
271 316
211 100
188 196
252 265
263 272
211 97
245 64
240 266
255 267
288 337
178 193
213 91
302 349
175 195
239 274
194 97
214 88
300 353
281 328
229 64
170 198
216 84
189 99
298 357
227 67
167 200
238 282
220 84
185 101
296 361
238 306
224 86
162 203
225 74
237 307
181 103
294 366
227 87
177 105
157 206
292 370
231 89
172 107
290 374
168 109
288 378
238 326
164 111
286 383
240 327
160 113
284 387
156 115
282 391
159 272
151 117
280 396
156 278
147 119
278 400
213 339
143 121
153 284
276 404
133 259
139 123
274 408
129 257
150 290
135 125
273 411
124 255
148 295
131 127
271 415
212 362
269 419
125 131
209 364
267 423
149 306
121 133
266 426
265 427
204 367
115 137
199 370
259 423
150 317
111 139
255 421
195 378
105 143
151 327
248 417
102 146
188 383
223 402
242 413
184 386
99 152
152 338
226 404
238 411
96 158
231 407
176 377
93 164
90 170
58 254
168 368
160 359
57 252
57 250
87 176
52 263
58 246
50 265
84 182
59 242
60 238
81 188
61 234
150 417
62 230
78 194
63 226
75 199
64 222
72 204
65 218
66 214
49 316
49 332
75 394
68 395
61 396
58 397
57 395
50 368
55 387
51 372
52 376
