408 1921
429 1935
436 1931
441 1928
414 1960
445 1926
448 1924
447 1921
445 1917
443 1913
413 1983
410 1985
452 1902
407 1987
450 1898
357 1865
452 1983
401 1991
382 1848
353 1867
379 1843
457 1989
395 1995
381 1841
459 1992
346 1872
390 1998
342 1874
469 1883
388 1837
469 1881
384 2002
467 1878
467 2002
335 1879
464 1878
395 1833
378 2006
463 1872
460 1880
330 1882
373 2009
402 1829
456 1882
482 1868
475 2012
325 1885
370 2011
459 1865
452 1884
408 1826
367 2013
447 1887
411 1829
457 2032
318 1890
482 1858
458 2035
361 2017
443 1889
483 2022
314 1892
309 1882
480 1854
414 1835
455 2037
439 1891
306 1884
356 2020
437 1868
416 1838
478 1850
452 2039
303 1886
353 2022
435 1865
307 1897
447 2042
350 2024
419 1844
491 2032
298 1889
432 1859
302 1900
295 1891
442 2045
422 1849
344 2028
430 1855
292 1893
496 1837
297 1903
432 1853
342 2025
290 1890
494 1833
440 2055
499 2042
438 1807
337 2034
285 1898
339 2019
290 1908
492 1829
287 1885
288 1910
444 1803
432 2057
332 2037
490 1825
435 2064
336 2013
329 2039
488 1822
283 1878
448 1801
507 2052
429 2053
276 1902
306 1790
485 1822
450 1803
305 1789
287 1920
333 2007
274 1907
324 2042
481 1824
270 1905
279 1871
331 2004
452 1808
300 1791
269 1909
477 1826
291 1927
318 2046
274 1869
515 2062
296 1793
495 2076
276 1866
264 1908
458 1811
328 1998
264 1911
293 1931
272 1865
292 1795
313 2049
414 2072
498 2080
470 1830
260 1913
461 1817
274 1859
295 1935
325 1755
325 1992
310 2051
288 1797
585 1893
269 1859
318 1994
501 2084
255 1912
323 1752
255 1915
307 2053
297 1939
285 1779
523 2072
272 1854
268 1856
284 1799
409 2081
316 1990
322 1986
405 2076
589 1897
504 2088
321 1749
251 1917
249 1915
280 1801
302 2056
300 1944
320 1983
403 2073
431 1743
270 1849
506 2091
281 1773
592 1901
459 1760
318 1744
246 1919
401 2070
290 1760
276 1803
413 2088
302 1948
312 1983
279 1770
294 1952
509 2095
243 1918
314 2081
316 1741
595 1905
296 2060
317 1977
389 1724
437 1740
531 2082
268 1842
241 1919
272 1805
415 2092
304 1952
310 1979
291 1954
398 2065
287 1755
276 1766
463 1754
314 1738
597 1908
512 2099
261 1841
387 1720
237 1918
266 1800
291 2063
435 1731
268 1807
266 1837
417 2096
308 1975
306 1956
314 1971
465 1751
514 2102
286 1957
600 1912
388 2084
590 1842
395 2060
284 1750
437 1729
465 1749
263 1802
259 1837
311 1733
272 1760
232 1921
384 1715
264 1809
419 2100
308 1960
264 1832
464 1746
393 2097
517 2106
315 2094
611 1904
309 1730
539 2092
384 2086
285 2067
580 1819
257 1833
603 1916
304 1968
281 1745
228 1923
382 1711
260 1811
421 2104
269 1756
443 1726
257 1805
279 1961
256 1830
283 2064
597 1838
520 2110
380 2088
279 1742
306 1725
257 1813
387 2100
224 1925
617 1876
618 1902
586 1816
468 1738
379 1706
522 2113
261 1823
254 1826
601 1836
448 1723
252 1808
376 2090
304 1722
608 1923
265 1750
280 2059
621 1877
622 1901
276 1737
272 1965
382 2103
219 1928
377 1702
252 1822
302 1719
605 1834
525 2117
547 2102
372 2092
592 1813
611 1927
262 1746
454 1720
625 1878
215 1926
245 1812
215 1930
273 1732
609 1832
469 1728
214 1924
256 1747
276 2052
528 2121
368 2094
374 1697
629 1899
376 2106
299 1714
629 1879
265 1969
245 1820
597 1810
470 1725
459 1717
211 1932
271 1728
613 1830
258 1740
364 2096
251 1747
372 1693
616 1934
239 1815
633 1880
209 1934
371 2109
211 1918
296 1709
240 1823
555 2112
272 2045
617 1828
533 2128
603 1807
360 2098
247 1749
258 1973
465 1714
622 1834
637 1882
619 1938
369 1688
234 1818
236 1825
558 2116
365 2112
208 1912
536 2132
471 1714
356 2100
243 1751
292 1703
213 1941
367 1684
265 1718
609 1804
268 2038
229 1821
251 1977
629 1830
352 2102
254 1983
206 1907
624 1945
215 1945
366 2124
289 1698
229 1829
364 1679
614 1801
236 1755
541 2139
633 1828
223 1824
627 1949
264 2031
249 1986
203 1901
260 1709
362 1675
244 1981
360 2127
569 2108
285 1692
219 1952
544 2143
620 1798
638 1825
371 1668
222 1833
650 1895
245 1988
218 1827
258 1705
655 1861
229 1759
466 1685
359 1670
221 1956
546 2147
200 1895
260 2024
632 1956
282 1687
642 1823
354 2130
241 1991
237 1985
465 1682
368 1663
576 2103
216 1837
224 1762
357 1666
627 1794
542 2150
224 1961
646 1821
635 1960
211 1831
235 1982
198 1890
463 1678
278 1681
212 1839
580 2100
220 1764
256 2017
649 1819
245 1997
354 1661
538 2153
226 1965
364 1656
252 1694
633 1791
214 1759
648 1816
205 1834
232 1976
195 1884
672 1881
247 2001
275 1676
207 1842
640 1967
585 2097
352 1657
228 1969
662 1908
355 2150
459 1671
534 2156
250 1690
213 1768
252 2010
675 1884
639 1788
200 1837
360 1649
203 1844
208 1762
192 1878
643 1971
671 1940
530 2159
349 1652
456 1666
271 1670
675 1849
672 1938
208 1771
564 2163
572 2158
644 1785
679 1890
593 2091
190 1873
347 1648
357 1643
526 2162
454 1662
202 1765
193 1841
196 1848
204 1773
268 1665
244 1679
648 1978
680 1845
568 2168
682 1895
522 2165
598 2088
650 1782
344 1643
354 1638
679 1839
187 1867
242 1675
674 1921
265 1660
651 1982
187 1844
450 1655
691 1889
195 1769
189 1852
197 1777
342 1639
518 2168
686 1840
184 1846
351 1633
656 1779
686 1901
573 2174
671 1801
581 2169
184 1861
372 2167
447 1650
696 1892
671 1799
261 1654
514 2171
686 1833
189 1772
606 2082
237 1668
192 1780
339 1634
583 2172
656 1989
660 1777
691 1836
689 1906
348 1627
445 1646
577 2179
669 1795
662 1779
177 1850
701 1895
510 2174
188 1782
337 1630
258 1649
692 1921
611 2079
234 1663
659 1993
691 1909
176 1848
183 1775
345 1622
667 1790
383 2166
697 1831
506 2177
693 1912
696 1919
665 1785
334 1625
589 2180
582 2185
441 1639
384 2164
254 1643
181 1786
173 1842
503 2179
176 1779
342 1617
700 1917
229 1656
664 2000
332 1621
702 1827
438 1634
586 2190
712 1887
499 2182
251 1638
176 1789
704 1915
710 1908
622 2071
708 1925
667 2004
170 1836
226 1651
595 2188
329 1616
170 1782
339 1611
436 1630
711 1911
377 2155
495 2185
172 1791
708 1822
717 1884
591 2196
168 1831
713 1922
327 1612
247 1632
336 1606
242 1633
222 1645
164 1785
629 2066
491 2188
672 2011
708 1813
432 1623
713 1818
601 2196
165 1795
324 1607
244 1627
595 2201
165 1825
724 1879
333 1601
487 2191
675 2015
219 1640
634 2063
429 1618
322 1603
157 1789
721 1921
160 1798
241 1622
677 2019
719 1813
599 2206
483 2194
729 1876
162 1819
722 1924
155 1786
427 1614
598 2208
329 1594
607 2204
156 1800
319 1598
214 1633
675 2023
719 1926
479 2197
724 1809
154 1802
237 1616
594 2211
424 1609
317 1594
152 1780
673 2027
736 1871
645 2055
326 1588
211 1628
475 2200
158 1810
722 1800
714 1929
156 1806
729 1979
422 1605
234 1611
613 2212
589 2215
314 1589
730 1804
671 2032
149 1774
471 2203
323 1583
733 1977
727 1796
652 2050
734 1975
312 1585
206 1621
585 2218
669 2036
732 1974
725 1774
230 1605
609 2223
418 1598
467 2206
735 1800
320 1578
146 1768
737 1973
656 2047
619 2220
667 2040
228 1602
728 1777
730 1970
203 1617
309 1580
612 2227
78 1936
202 1616
580 2222
415 1593
740 1796
231 1599
735 1789
317 1572
143 1762
307 1576
742 1795
742 1797
743 1991
615 2231
430 2205
744 1969
198 1619
413 1589
732 1783
575 2226
726 1963
235 1596
625 2228
499 1577
314 1567
304 1571
618 2235
194 1622
140 1756
744 1951
197 1606
738 1844
571 2229
750 1966
239 1593
742 1806
437 2200
409 1582
302 1567
311 1562
752 1985
137 1750
243 1590
188 1627
566 2233
631 2236
739 1836
406 1577
624 2243
192 1599
756 1983
299 1562
573 1608
308 1556
185 1629
247 1587
562 2236
134 1744
404 1573
741 1817
297 1558
732 2037
627 2247
189 1594
762 1979
305 1551
251 1584
637 2244
557 2240
294 1554
785 1921
630 2251
293 1553
766 1977
736 2043
400 1566
255 1581
302 1546
788 1924
184 1587
175 1637
224 1566
633 2255
738 2046
552 2244
289 1556
126 1734
182 1585
259 1578
397 1561
643 2252
772 1973
791 1929
636 2259
548 2247
285 1559
298 1539
635 2261
395 1557
263 1575
742 2052
177 1588
776 1971
120 1727
301 1536
794 1934
281 1562
159 1633
631 2264
165 1645
543 2251
267 1572
649 2260
392 1552
448 2251
746 2058
156 1635
175 1574
782 1967
277 1565
170 1593
539 2254
271 1569
307 1532
390 1548
626 2268
748 2061
153 1637
114 1720
173 1570
786 1965
310 1530
273 1536
501 1527
655 2268
149 1640
622 2271
387 1543
534 2258
155 1653
163 1598
752 2067
456 2260
169 1564
146 1642
751 2069
385 1539
316 1526
763 1705
110 1711
269 1530
617 2275
529 2262
159 1601
143 1644
795 1959
167 1560
149 1658
661 2276
140 1646
266 1526
803 1966
613 2278
744 2068
525 2265
528 2269
799 1957
322 1522
769 1701
154 1604
265 2313
107 1705
381 1532
810 1824
145 1661
526 2271
148 1597
163 1554
830 1923
325 1520
106 1701
773 1699
134 1650
608 2282
520 2269
262 1520
145 1599
832 1926
805 1953
161 1550
667 2284
106 1698
377 1525
147 1609
142 1601
139 1666
778 1696
131 1655
331 1516
259 1516
531 2278
809 1951
603 2286
834 1931
139 1603
107 1692
136 1668
806 1734
127 1655
374 1520
157 1544
533 2282
783 1693
835 1935
136 1605
599 2289
821 1964
673 2292
140 1614
337 1512
255 1510
815 1947
410 1500
372 1516
155 1540
124 1651
832 1937
133 1607
811 1730
112 1687
787 1691
340 1510
136 1617
819 1945
252 1506
827 1963
594 2293
829 1939
130 1609
538 2289
736 1624
771 2096
480 2285
151 1534
126 1676
406 1493
816 1726
368 1509
117 1683
119 1644
793 1687
131 1620
590 2296
540 2293
346 1506
335 1492
248 1500
742 1623
124 1613
148 1530
820 1723
797 1685
147 1529
744 1623
334 1490
365 1504
775 2103
685 2282
402 1486
838 1962
585 2300
115 1638
487 2293
352 1502
746 1626
688 2280
119 1616
124 1625
143 1531
545 2300
363 1500
404 1484
801 1682
825 1719
331 1485
843 1961
355 1500
581 2303
112 1634
407 1482
779 2110
124 2284
360 1497
547 2304
38 2162
542 2307
138 1534
749 1632
113 1620
115 1631
830 1715
576 2307
876 1903
545 2311
326 1478
809 1676
782 2116
413 1478
133 1537
834 1712
698 2272
752 1638
547 2314
497 2304
784 2119
637 1524
416 1476
485 1459
553 2313
546 2316
571 2311
323 1473
129 1539
97 1629
883 1899
839 1708
755 1644
483 1455
766 1633
704 2267
542 2319
818 1669
422 1472
788 2126
711 2273
123 1543
707 2265
93 1623
152 1492
481 1451
318 1466
769 1629
844 1704
890 1895
538 2322
119 1545
479 1447
90 1619
848 1701
792 2133
315 1461
717 2268
492 1444
321 1457
713 2260
533 2326
773 1623
850 1700
148 1485
424 1459
724 2301
130 2326
827 1662
897 1891
476 1443
358 1459
114 1548
765 1587
852 1702
475 1442
716 2258
753 1574
318 1453
86 1613
357 1456
529 2329
795 2139
145 1480
429 1456
723 2263
777 1617
902 1888
471 1444
109 1551
309 1453
797 2142
878 1980
315 1449
83 1609
772 1588
854 1709
779 1614
380 1445
142 1475
906 1886
467 1446
105 1553
774 1590
836 1655
352 1449
312 1445
729 2258
436 1452
306 1448
725 2251
781 1610
882 1986
755 1562
463 1448
79 1603
801 2149
737 2290
856 1716
139 1470
776 1595
309 1441
99 1557
756 1559
349 1444
780 1606
884 1989
913 1882
207 1442
459 1450
76 1599
857 1720
735 2253
443 1448
786 1605
741 2287
301 1441
727 1529
303 1439
136 1465
95 1559
845 1648
210 1439
805 2156
305 1436
372 1433
918 1879
734 2244
888 1995
859 1725
748 2288
351 1434
108 1478
751 1552
298 1436
72 1593
370 1430
133 1460
90 1562
741 2248
745 2330
922 1877
734 1529
869 1725
808 2162
216 1435
368 1427
311 1430
69 1589
753 2284
892 2001
130 1455
751 2279
861 1733
219 1433
85 1565
854 1641
746 2244
366 1424
738 1533
346 1427
746 1545
293 1429
811 2167
130 1452
929 1873
744 2236
364 1421
81 1567
895 2006
732 1512
758 2280
863 1738
65 1583
120 1454
743 1541
932 1871
343 1422
131 1448
225 1429
290 1424
814 2172
897 2009
752 2239
930 1869
52 2314
432 1412
62 1579
132 1444
763 2276
750 2231
863 1634
758 2319
899 2012
301 1414
664 1465
874 1741
761 2271
927 1867
64 1577
73 1572
231 1425
817 2178
738 1504
303 1412
133 1440
338 1415
875 1744
293 1413
429 1407
758 2234
735 1501
754 2228
866 1749
762 2316
816 2180
664 1460
838 2167
234 1423
876 1747
922 1864
903 2018
769 2271
300 1407
134 1436
118 1439
335 1411
290 1409
737 1496
426 1402
877 1750
812 2183
919 1862
872 1627
663 1454
841 2172
332 1411
764 2229
868 1756
741 1495
240 1419
774 2267
287 1405
878 1754
907 2024
305 1402
762 2222
136 1429
742 1492
423 1397
114 1432
869 1760
807 2187
773 2261
914 1859
739 1489
714 1472
844 2177
662 1448
743 1489
284 1401
137 1425
954 1861
770 2224
779 2263
910 2029
880 1760
774 2306
227 1399
246 1415
310 1398
282 1400
718 1472
803 2190
777 2258
871 1765
744 1486
111 1427
909 1856
741 1484
661 1443
881 1620
419 1391
138 1421
312 1397
280 1401
912 2032
249 1413
321 1402
230 1395
849 2184
906 1854
771 2215
723 1473
784 2259
882 1766
139 1417
315 1400
914 2035
417 1387
776 2219
798 2194
746 1480
780 2301
660 1437
743 1478
232 1392
963 1855
340 1386
107 1420
873 1773
883 1770
741 1477
728 1474
140 1413
272 1398
255 1409
852 2189
901 1851
783 2299
748 1476
235 1388
890 1613
343 1383
781 2215
793 2198
790 2254
787 2250
918 2041
750 1475
659 1431
875 1778
730 1463
968 1852
104 1415
890 1611
327 1384
461 1362
783 2214
832 2208
733 1475
885 1776
267 1401
237 1385
932 1678
928 1666
411 1378
142 1406
261 1405
904 1837
781 2207
789 2201
658 1426
857 2196
795 2250
239 1382
349 1379
888 1606
973 1849
101 1410
931 1664
984 1876
22 1535
922 2047
792 2209
409 1374
143 1402
735 1457
887 1782
788 2219
836 2214
20 1517
322 1377
352 1377
934 1662
924 2050
101 1406
761 1474
886 1602
657 1420
860 2201
734 1454
242 1378
878 1789
144 1398
800 2246
797 2242
978 1846
795 2289
839 2218
937 1660
244 1375
792 2224
765 1473
405 1368
901 1826
319 1372
889 1789
102 1401
145 1394
927 2055
656 1414
358 1373
940 1658
799 2286
805 2242
802 2238
10 1527
880 1796
291 1361
984 1842
247 1371
865 2208
729 1447
103 1397
795 2228
929 2058
146 1390
899 1821
807 2241
402 1363
801 2236
943 1656
92 1398
891 1795
844 2225
655 1409
881 1800
249 1368
931 2061
288 1357
774 1473
946 1656
988 1840
314 1365
364 1369
104 1392
892 1798
868 2213
726 1442
989 1838
772 1460
811 2245
399 1358
290 1355
730 1439
89 1393
148 1383
948 1659
367 1367
807 2279
654 1403
252 1364
137 1380
883 1805
1000 1853
311 1360
105 1387
293 1353
780 1475
849 2232
987 1834
935 2067
87 1390
814 2249
149 1379
138 1377
810 2277
254 1361
896 1810
894 1805
396 1353
948 1641
969 2038
106 1383
873 2220
721 1435
653 1397
85 1387
139 1374
355 1349
373 1363
985 1830
785 1477
150 1375
915 1586
817 2253
393 1350
853 2238
939 2073
487 1322
300 1349
306 1353
1002 1835
140 1370
107 1378
652 1392
983 1826
151 1371
852 2240
954 1636
723 1427
82 1382
302 1348
718 1429
820 2257
791 1479
917 1580
379 1359
388 1353
878 2227
942 2078
721 1424
80 1379
981 1822
108 1373
820 2269
994 1820
716 1425
651 1386
1020 1859
382 1357
76 1379
348 1340
823 2261
1009 1831
846 2244
796 1481
829 2256
944 2081
919 1575
78 1376
996 1818
960 1631
797 1463
109 1369
881 2232
526 1315
718 1419
714 1421
799 1482
78 1373
843 2246
310 1337
946 2084
1013 1829
650 1380
1024 1863
110 1364
802 1483
140 1355
343 1334
922 1569
712 1417
1002 1815
79 1369
1017 1827
966 1626
839 2249
531 1310
1027 1867
649 1375
886 2239
388 1329
715 1411
950 2090
301 1325
111 1359
710 1413
1021 1825
924 1563
1008 1812
971 1622
81 1362
304 1322
536 1306
112 1355
648 1369
889 2244
385 1324
109 1354
708 1409
692 1370
1025 1823
1038 1864
712 1405
82 1359
954 2096
987 2068
694 1369
927 1557
1040 1866
308 1319
1014 1809
955 2099
647 1363
1029 1821
83 1355
706 1403
696 1371
977 1617
142 1339
1044 1863
542 1301
953 2100
894 2251
380 1317
139 1337
1043 1871
84 1351
709 1397
1033 1819
994 2064
646 1357
927 1549
704 1397
1021 1805
315 1314
698 1378
547 1297
983 1612
897 2256
947 2103
377 1312
1037 1817
1046 1876
703 1393
318 1312
645 1352
706 1391
86 1344
699 1382
694 1353
111 1336
963 2110
1041 1815
1027 1802
87 1341
413 1291
941 2106
553 1292
1049 1881
989 1607
902 2263
644 1346
939 2107
1045 1813
310 1297
966 2115
838 1471
947 2117
1033 1799
138 1319
937 2104
694 1344
312 1295
1052 1886
558 1288
1030 1791
1049 1811
994 1603
113 1326
643 1340
949 2121
909 2262
969 2120
315 1293
1063 1881
998 1603
1053 1809
424 1274
1039 1796
1055 1891
934 2098
951 2125
642 1335
1054 1807
564 1283
917 2261
321 1289
953 2129
973 2127
314 1283
693 1332
1058 1896
1052 1803
1040 1785
1045 1793
147 1306
641 1329
918 2259
977 1555
930 2091
324 1287
569 1279
955 2133
1071 1822
1048 1796
852 1484
417 1265
976 2132
137 1301
982 1554
1061 1901
562 1267
640 1323
1009 1613
957 2137
135 1299
927 2085
574 1275
913 2252
330 1283
854 1489
1077 1819
988 1553
863 1478
1064 1906
639 1318
577 1275
1013 1616
692 1319
955 2143
980 2139
411 1257
111 1300
856 1494
924 2079
993 1552
918 2244
1082 1817
336 1279
1067 1911
109 1298
581 1279
638 1312
114 1297
326 1268
125 1297
64 1304
148 1288
983 2144
871 1478
558 1250
1018 1620
125 1294
858 1499
116 1295
658 1307
999 1551
921 2074
960 2150
63 1301
1008 1565
1016 2122
341 1276
406 1251
149 1284
1088 1814
104 1296
1070 1916
637 1306
585 1284
940 2249
330 1263
62 1298
554 1246
691 1307
1079 1791
403 1251
1004 1550
81 1295
344 1274
150 1280
987 2151
935 2239
963 2155
1078 1788
918 2068
61 1294
1073 1921
636 1301
1023 2124
1094 1811
88 1292
550 1243
347 1272
97 1294
589 1289
334 1258
151 1276
89 1291
1010 1549
463 1227
60 1291
939 2236
86 1289
990 2156
966 2160
695 1298
1075 1783
886 1478
1028 2126
546 1240
1076 1926
152 1272
635 1295
949 2242
465 1223
1100 1808
914 2061
1015 1548
593 1294
353 1268
943 2233
116 1278
338 1253
1073 1780
885 1494
7 1311
890 1476
48 1287
153 1268
58 1284
542 1237
467 1219
1079 1931
591 1247
994 2163
634 1289
971 2167
1021 1547
1105 1805
596 1298
911 2055
1036 2129
154 1264
342 1248
696 1288
895 1474
1022 1545
359 1264
547 1227
538 1234
414 1223
950 2228
89 1276
957 2236
973 2171
470 1214
633 1284
1082 1936
997 2168
155 1260
362 1262
545 1224
600 1303
1111 1802
953 2226
900 1472
1042 2127
908 2049
534 1231
346 1243
117 1265
1025 1539
472 1210
576 1223
156 1256
543 1221
1114 1800
1085 1941
632 1278
1045 2126
697 1279
81 1268
367 1259
1059 1600
957 2223
903 1468
118 1261
90 1267
1001 2175
978 2178
604 1308
541 1218
474 1206
905 2044
157 1252
965 2230
1027 1534
350 1238
375 1237
1061 1602
698 1275
119 1258
79 1264
1088 1946
631 1272
539 1215
1120 1797
1051 2124
980 2182
158 1248
363 1244
1004 2180
371 1239
699 1271
477 1201
608 1313
907 1462
120 1254
77 1260
902 2038
892 2044
537 1212
1123 1795
1064 1607
354 1233
964 2218
1030 1528
630 1267
91 1258
1091 1951
160 1243
700 1267
479 1197
981 2189
973 2224
535 1209
75 1256
910 1457
612 1318
92 1254
122 1248
1067 1612
1008 2187
358 1228
1129 1792
162 1239
533 1206
961 2205
1094 1956
481 1193
1061 2141
73 1252
1058 2148
971 2213
93 1250
123 1244
982 2196
702 1260
1034 1519
1132 1790
164 1235
1070 1617
1011 2192
974 2211
71 1248
1097 1961
981 2218
484 1188
703 1256
529 1200
976 2210
980 2215
95 1243
125 1237
166 1230
1138 1787
1013 2197
69 1244
1073 1622
486 1184
705 1252
701 1251
1100 1966
126 1234
706 1251
1038 1510
1141 1785
96 1239
1010 2199
1066 2158
168 1226
936 1479
525 1194
67 1240
480 1177
698 1249
488 1180
1076 1627
670 1241
1007 2201
1103 1971
124 1228
669 1240
482 1174
170 1222
128 1228
712 1253
65 1236
940 1482
935 1453
491 1177
672 1240
1147 1782
98 1232
995 2209
937 1453
521 1188
1079 1632
33 1236
1042 1501
1106 1976
676 1241
130 1224
1150 1780
485 1169
172 1217
717 1255
63 1231
689 1246
1001 2205
99 1228
496 1182
68 1226
596 1181
174 1213
517 1182
681 1243
132 1219
61 1227
1109 1981
1049 1497
722 1257
29 1229
1156 1777
712 1234
724 1251
485 1162
101 1222
69 1222
499 1186
176 1209
725 1258
1016 2228
134 1215
59 1223
1159 1775
1112 1986
482 1159
65 1218
513 1176
165 1202
501 1163
713 1228
103 1217
71 1217
178 1205
57 1219
955 1452
136 1210
24 1220
1049 1486
1165 1772
1115 1991
476 1156
135 1206
105 1212
73 1212
1133 1980
55 1215
62 1212
714 1222
138 1206
1116 1994
1168 1770
935 1428
170 1194
935 1427
74 1209
473 1154
505 1154
933 1427
53 1211
184 1197
107 1207
937 1426
1113 1996
715 1217
140 1202
20 1213
1138 1984
138 1200
59 1206
1117 1560
76 1204
1174 1767
22 1211
51 1207
470 1148
507 1149
467 1151
142 1198
1048 1474
72 1201
109 1202
470 1146
1142 1987
102 1199
1107 1999
720 1212
73 1198
49 1203
56 1200
977 1466
78 1199
974 1451
1179 1764
190 1189
685 1204
472 1142
28 1208
462 1148
145 1193
178 1183
111 1197
510 1143
1146 1990
143 1191
79 1196
724 1209
74 1194
1128 1559
46 1199
54 1195
462 1142
687 1200
1184 1762
474 1138
147 1189
145 1188
113 1193
1047 1463
1150 1993
512 1138
182 1178
1186 1762
518 1141
34 1205
1132 1558
81 1191
1111 2014
156 1180
76 1189
42 1201
1053 2277
108 1188
455 1144
1045 1461
476 1134
1127 2014
1109 2015
1188 1764
596 1142
154 1179
196 1181
51 1189
148 1183
116 1188
1154 1996
594 1141
77 1185
83 1186
186 1173
154 1175
515 1132
478 1130
155 1173
1191 1769
149 1176
992 1450
1102 2017
48 1183
1159 2000
86 1182
113 1180
480 1126
1143 1557
524 1131
517 1127
997 1465
446 1139
156 1169
694 1186
121 1181
202 1173
1066 2263
115 1177
446 1134
1147 1556
143 1173
1163 2003
160 1167
1195 1776
482 1121
45 1177
1030 1462
476 1118
527 1125
520 1121
124 1176
440 1136
692 1180
1004 1464
160 1163
195 1162
162 1164
1206 1762
441 1131
1167 2006
207 1167
119 1171
1088 2236
484 1117
691 1177
478 1114
137 1170
437 1134
522 1116
42 1171
530 1120
95 1172
1199 1783
437 1129
1157 1555
199 1157
486 1113
1171 2009
164 1157
42 1168
167 1158
129 1169
689 1172
97 1169
1011 1449
532 1116
1160 1554
212 1161
431 1131
136 1160
433 1127
95 1165
488 1109
525 1110
481 1106
1175 2012
169 1155
45 1165
1095 2244
137 1157
1203 1790
1163 1557
204 1151
168 1151
687 1166
429 1125
126 1160
535 1111
1100 1448
490 1105
426 1128
1210 1730
483 1101
217 1155
686 1163
1180 2016
630 1116
528 1104
201 1148
51 1162
425 1123
1100 1444
1166 1562
537 1107
492 1101
1207 1797
142 1150
172 1145
125 1154
1217 1729
684 1158
1168 1565
176 1146
577 1107
107 1158
419 1124
622 1106
486 1094
420 1120
1187 2018
57 1159
174 1142
195 1144
540 1102
20 1152
683 1155
121 1151
486 1091
145 1145
224 1147
110 1154
1171 1570
192 1142
1224 1728
682 1152
531 1093
416 1118
1211 1804
542 1098
1102 2269
413 1121
1192 2020
572 1101
485 1087
226 1144
63 1156
178 1136
116 1148
148 1140
570 1100
183 1138
412 1116
410 1119
545 1095
533 1088
680 1147
1174 1575
184 1137
116 1144
484 1083
180 1133
1232 1727
1198 2022
1215 1811
490 1081
1226 1803
408 1114
1176 1578
482 1081
69 1153
1233 1725
144 1131
492 1080
551 1096
404 1116
534 1082
678 1141
222 1129
24 1136
153 1133
113 1138
1203 2024
1230 1801
478 1079
146 1128
560 1098
677 1138
401 1114
533 1078
111 1135
1219 1818
219 1126
498 1079
155 1129
236 1133
401 1110
148 1125
1234 1799
1235 1804
473 1077
113 1133
78 1148
532 1074
501 1078
1210 2026
106 1134
675 1133
397 1108
395 1111
530 1072
240 1129
1136 2084
674 1130
213 1122
1223 1825
102 1136
1204 1563
467 1074
1215 2028
391 1110
119 1130
393 1106
1260 1752
84 1145
1256 1734
22 1121
210 1120
525 1073
154 1116
1232 1824
98 1138
162 1119
1135 2090
672 1124
511 1076
1233 1704
1220 2030
1211 1550
156 1113
249 1127
1227 1832
125 1127
520 1074
157 1112
90 1142
687 1117
94 1140
154 1112
204 1116
385 1102
670 1119
458 1070
1266 1733
1134 2097
1135 2302
1227 2032
669 1116
150 1114
1219 1549
131 1124
381 1100
1219 1562
199 1114
165 1108
258 1125
1276 1752
146 1116
134 1122
378 1098
167 1106
1206 1497
1133 2104
1232 2034
450 1067
667 1110
1276 1732
451 1060
171 1107
88 1114
142 1118
1226 1569
369 1109
548 1047
190 1112
448 1059
1227 1571
665 1105
267 1123
1132 2111
366 1108
443 1067
175 1108
1232 1682
664 1102
443 1057
179 1109
1286 1731
438 1068
613 1041
272 1114
662 1096
276 1121
376 1081
356 1109
548 1033
277 1113
660 1091
375 1076
282 1120
1296 1730
351 1108
434 1050
659 1088
285 1119
283 1112
1236 1588
1249 1547
431 1048
347 1110
173 1078
1202 1438
367 1072
674 1080
624 1030
175 1076
1262 2036
657 1082
673 1077
289 1111
1231 1659
1306 1729
374 1065
629 1031
547 1018
672 1074
294 1117
366 1064
338 1111
36 1067
1259 1546
655 1077
423 1042
294 1110
181 1073
373 1061
671 1071
634 1032
1271 2037
654 1074
1237 1603
300 1116
545 1012
419 1039
1246 2087
1219 1437
1316 1728
300 1109
638 1033
669 1066
365 1055
329 1112
188 1069
304 1115
640 1035
652 1068
543 1007
415 1036
372 1051
667 1061
306 1108
1273 1546
371 1048
1282 2038
643 1018
642 1040
650 1063
194 1066
541 1002
2 1054
1326 1727
1274 1548
410 1033
400 1054
364 1047
311 1107
320 1113
1238 1617
1230 1637
649 1060
54 1049
409 1031
371 1043
665 1054
370 1042
1236 1436
539 997
56 1047
373 1042
644 1047
1229 1623
201 1062
1202 2304
363 1039
376 1043
647 1054
59 1045
663 1049
391 1050
1336 1726
1294 2037
1203 2302
537 992
380 1045
207 1059
204 1052
1260 1454
535 987
643 1001
65 1041
1200 2297
362 1031
645 1000
203 1050
647 999
360 1029
68 1039
1346 1725
1254 1435
407 1013
213 1056
1299 2063
1274 1569
533 982
1284 1492
1197 2292
1352 1752
1307 2036
1301 2065
652 1002
1238 2141
218 1054
1272 1574
1288 1488
406 1007
74 1035
352 1030
531 976
1194 2287
1357 1754
1269 1442
1356 1724
1240 2145
1313 2032
1304 2071
1270 1579
1220 2161
1361 1756
79 1032
642 984
1234 2153
529 970
345 1031
226 1052
1317 2030
1190 2281
1243 2150
82 1030
195 1033
201 1031
528 967
225 1044
1268 1584
1307 2077
1366 1758
230 1051
226 1042
1188 2277
200 1028
1366 1723
1245 2154
1224 2168
33 1010
1323 2026
337 1032
1266 1589
199 1025
1371 1760
526 961
88 1026
1370 1724
193 1026
35 1008
235 1049
587 957
226 1037
404 989
1248 2159
1327 2024
360 1000
192 1022
1264 1594
1228 2175
330 1033
524 955
40 1005
403 984
1376 1722
1250 2163
94 1022
641 966
197 1017
390 986
225 1030
1242 2329
243 1047
523 952
1262 1599
1333 2020
94 1016
1379 1718
190 1015
1231 2181
196 1013
247 1046
1253 2168
322 1034
47 1001
100 1018
1260 1603
521 947
1337 2018
224 1023
1388 1746
1233 2184
189 1011
195 1009
1255 2172
103 1016
252 1044
244 1028
520 943
1391 1749
1384 1711
1344 2020
103 1011
315 1035
193 1004
1297 1609
1343 2014
223 1016
54 997
593 935
187 1004
389 970
1258 2177
1237 2191
359 980
108 1013
401 966
1315 1602
640 949
518 937
595 933
107 1009
387 968
260 1043
1347 2012
1395 1755
186 1000
1354 2030
1260 2181
308 1036
576 930
1389 1704
251 1020
517 933
222 1009
61 993
264 1042
400 960
191 995
114 1009
262 1034
1241 2198
368 971
113 1006
1391 1701
1352 2009
1398 1760
1263 2186
190 992
370 970
184 993
1265 2274
117 1007
378 969
515 927
300 1037
221 1002
1349 1503
1394 1697
1356 1541
118 1003
1265 2190
269 1033
370 965
1244 2204
1357 2006
68 989
183 989
1323 1431
514 923
1402 1766
275 1041
639 932
123 1003
188 984
122 1001
640 931
293 1038
220 995
1268 2195
1247 2209
1362 2003
637 930
358 959
1398 1691
642 930
276 1032
251 1004
1405 1771
181 982
512 917
187 980
75 985
280 1040
1365 1540
398 943
128 1000
1270 2199
1407 1774
1401 1687
1250 2214
1367 2000
511 913
186 976
219 988
1270 2251
179 976
80 982
646 923
397 938
1409 1777
628 930
1273 2204
1269 2248
1341 1430
178 973
184 971
1372 1997
1410 1780
1363 1480
509 907
1342 1428
218 981
1376 1539
1254 2221
1406 1680
1275 2208
1267 2244
80 971
1412 1682
87 978
508 903
1350 1436
1271 1652
1377 1994
176 967
1408 1677
250 987
1386 2013
1405 1784
568 896
84 969
396 927
1278 2213
357 939
1257 2227
570 895
217 974
182 962
1389 2016
1263 2237
1411 1673
1272 1658
506 897
1401 1787
1382 1991
395 923
181 959
174 961
1259 2230
94 974
1357 1432
1387 1538
1280 2217
1363 1445
505 894
173 958
216 967
1386 1989
1375 1469
1273 1664
1392 2022
1387 1501
367 924
1387 1987
504 890
1283 2222
380 918
1370 1446
179 951
101 970
1364 1428
1314 2313
249 971
503 886
171 951
178 949
1397 1537
215 960
1274 1670
1365 1426
1395 2028
1367 1426
379 913
180 948
1390 1981
393 910
247 969
101 959
1377 1447
1400 1540
212 957
646 892
1395 1495
1378 1448
1367 1421
108 966
169 945
1416 1809
501 879
644 891
242 967
1398 2034
378 907
186 947
1393 1975
1399 1810
168 942
175 940
1391 1465
239 966
1403 1546
1369 1416
189 946
206 953
1461 1721
108 955
1393 1467
392 900
377 902
1397 1814
1462 1719
499 872
1405 1549
1397 1486
1401 2040
173 935
203 951
193 945
391 897
166 936
1396 1969
575 864
1371 1411
498 869
1398 1483
1402 2043
1381 1418
1395 1818
232 964
365 901
1420 2022
575 861
1395 1474
372 897
517 861
1398 1964
1408 1555
497 865
1373 1406
164 930
1401 2047
24 907
1393 1822
506 861
170 927
353 900
574 856
163 927
1450 1810
390 886
1400 2052
1411 1560
1375 1401
1401 1958
495 859
1383 1404
125 950
352 894
168 921
1376 1399
573 851
389 882
494 856
161 921
1374 1398
350 892
1399 2057
1386 1402
1413 1565
1373 1398
159 919
1404 1952
1437 2013
572 846
166 916
1371 1399
1430 1630
388 877
1417 1567
1398 2061
492 851
1373 1392
247 933
1458 1819
1378 1391
165 913
1383 1392
343 892
1402 1413
1373 1390
155 922
1386 1393
573 841
571 841
1437 1986
1403 1411
1407 1946
1397 2066
490 846
357 878
1449 1827
1327 2209
1379 1385
1405 1944
572 836
1410 1848
167 906
570 835
1326 2206
1396 2071
170 906
1380 1382
488 841
231 926
389 863
1395 2075
1324 2202
1399 1941
569 830
1433 1462
44 885
173 901
486 836
1435 1853
1451 1525
165 896
1322 2198
1390 1377
1394 2080
1447 1970
568 825
341 869
1349 2217
1464 1838
1382 1372
1393 1938
484 831
1391 1373
1448 1844
1437 1858
509 822
389 852
178 894
567 820
482 827
51 877
1438 1861
1464 1670
1462 1535
1392 1367
1439 1864
566 815
1384 1363
181 889
569 814
1403 1385
1407 1870
246 903
251 902
340 855
505 813
565 811
1393 1361
1469 1536
1441 1870
1402 2098
1470 1535
254 898
1470 1538
1441 1872
564 807
307 893
186 882
256 897
484 812
1394 1356
1447 1861
1385 1352
472 815
1465 1655
483 810
563 803
388 833
1400 2105
261 895
189 877
500 802
1386 1348
1444 1879
339 842
355 838
562 799
1399 2108
1445 1880
66 861
568 796
53 851
1396 2258
1446 1878
247 884
181 867
1395 1345
387 826
561 795
1398 2112
1403 2286
147 868
269 894
183 864
464 805
70 856
560 791
1397 2116
1470 1556
1388 1337
386 820
567 788
495 791
197 866
1386 1336
186 860
1402 1357
559 787
354 825
246 875
338 828
1396 1335
1384 1337
1410 2261
188 857
1395 2123
385 814
458 799
558 783
1383 1339
1385 1330
200 861
1475 1427
1394 2127
191 853
557 779
1476 1425
245 866
453 796
494 779
384 807
193 850
556 775
61 829
450 794
205 854
337 814
83 842
1392 2134
1424 2273
195 847
1393 2186
555 771
1466 1621
383 801
1469 1576
492 771
244 857
499 772
129 849
445 791
353 806
86 838
208 849
198 843
554 767
130 847
453 781
1390 2141
502 769
382 795
1387 2163
475 769
553 763
239 852
1389 2145
439 787
1401 1330
1467 1611
336 801
1386 2156
507 767
213 842
203 836
552 759
381 789
386 788
471 763
379 787
234 848
122 838
205 833
434 784
352 793
551 755
216 838
512 765
469 760
431 782
355 791
218 836
385 781
208 829
549 751
467 757
229 844
119 832
548 750
518 762
222 839
426 780
1388 1293
101 822
465 754
219 830
545 751
361 789
385 775
341 784
556 744
62 797
1454 2286
384 774
103 820
116 827
387 774
212 822
463 751
147 829
524 760
549 741
540 753
222 825
461 748
106 823
553 738
113 822
547 737
1387 1283
416 778
459 745
529 758
151 824
535 755
395 774
216 815
225 820
1400 1302
332 775
457 742
545 733
432 752
549 730
430 752
401 775
455 739
228 815
543 729
1386 1274
1394 1274
220 808
1396 1273
158 816
1384 1272
452 735
541 725
1398 1274
1382 1273
321 776
232 809
454 733
345 759
360 757
1399 1276
1478 1366
1380 1268
1380 1276
539 721
224 801
66 770
1384 1264
358 754
234 805
459 730
342 754
1398 1262
1383 1260
536 716
540 713
311 777
228 794
238 799
464 727
1382 1256
417 736
534 712
445 718
1479 1351
1381 1252
336 745
241 794
532 708
536 706
447 716
232 787
471 723
301 778
1380 1248
450 714
530 704
333 740
244 789
1428 1269
533 700
1379 1244
476 720
528 700
236 780
401 727
1378 1240
247 784
456 710
291 779
329 734
526 696
530 694
1377 1237
459 708
1480 1334
250 781
483 716
240 773
523 693
326 729
430 702
527 689
238 771
1375 1231
484 709
528 687
488 713
519 695
281 780
465 704
235 769
426 696
322 723
523 684
520 685
1373 1226
52 725
1398 1224
531 682
493 710
514 698
411 700
1372 1223
471 700
54 723
229 765
423 691
319 718
517 680
494 703
535 678
474 698
57 721
509 701
226 763
421 688
519 675
1370 1217
500 706
515 676
406 693
419 685
315 712
517 671
541 674
512 673
480 694
63 717
1367 1213
324 705
1375 1210
232 750
220 759
1365 1213
519 669
403 688
544 672
416 680
66 715
322 702
312 707
1364 1215
522 667
507 676
1373 1204
414 677
486 690
1365 1206
320 699
1361 1208
550 668
489 688
72 711
398 681
308 701
317 695
1363 1201
528 663
411 672
500 681
315 692
555 665
409 669
77 708
395 676
305 696
1361 1197
29 692
1368 1194
1480 1291
508 654
533 660
313 689
1359 1196
1367 1192
558 663
407 666
31 690
80 706
1369 1191
73 695
211 737
1355 1196
34 688
301 690
310 685
251 726
390 669
1397 1185
404 661
539 656
72 692
312 683
503 647
564 659
1351 1197
86 702
1374 1189
1395 1183
208 732
402 658
564 655
298 685
315 681
40 684
387 664
544 653
69 687
305 678
206 729
1391 1184
1362 1180
400 655
247 716
570 655
43 682
1344 1199
1393 1177
92 698
569 652
547 651
498 640
1388 1185
204 726
320 678
294 679
1341 1200
66 682
302 673
397 650
1340 1201
382 657
576 651
49 678
98 694
325 675
395 647
553 647
291 674
200 720
63 677
493 633
1342 1207
298 667
379 652
580 650
102 693
578 646
1433 1170
491 630
330 672
582 651
392 642
104 694
577 644
558 644
60 673
55 674
53 670
287 668
196 714
1436 1168
295 662
584 654
390 639
561 642
488 626
52 667
1415 1159
107 698
374 646
335 669
194 711
574 639
480 629
588 645
388 636
564 640
284 663
486 623
1342 1162
576 635
478 626
370 648
571 636
291 656
591 643
49 662
340 666
588 661
484 620
108 677
1445 1165
578 633
111 704
385 631
190 705
252 689
591 637
594 641
1479 1246
280 657
118 686
475 621
581 631
288 651
481 616
383 628
46 657
188 702
1370 1147
364 652
345 663
1450 1163
597 639
368 633
115 710
286 648
479 613
381 625
592 669
277 652
44 653
472 616
360 654
86 650
1323 1160
124 683
587 627
350 660
117 713
599 632
1456 1161
184 696
476 609
1442 1145
378 620
604 634
595 674
586 621
590 625
41 648
282 642
363 626
124 671
272 646
474 606
130 680
601 673
604 629
1461 1159
376 617
467 609
121 719
43 643
180 690
174 694
582 613
128 669
598 680
610 630
471 602
596 621
360 621
41 640
37 642
135 678
609 626
178 687
172 691
373 612
1467 1157
1299 1219
464 604
173 689
600 683
132 667
469 599
125 725
39 637
35 638
371 609
582 606
1295 1220
610 666
616 626
614 623
141 675
1472 1155
602 617
37 634
127 728
136 665
174 681
466 595
369 606
603 689
580 602
1291 1221
1475 1154
32 633
459 597
605 615
354 612
620 623
172 678
140 663
615 663
269 627
1477 1156
34 629
82 623
147 672
1287 1222
620 619
463 590
366 601
131 734
164 679
29 628
248 652
456 592
144 661
351 607
253 652
607 695
1389 1112
611 611
80 619
1283 1223
624 617
626 619
168 672
162 676
609 698
30 623
153 669
574 593
26 624
459 584
362 595
253 627
135 740
149 659
1279 1224
623 657
629 617
246 646
166 669
25 623
160 673
156 668
28 620
150 657
451 585
617 607
346 600
76 613
137 743
245 643
1478 1201
571 588
164 666
1275 1225
1470 1121
30 618
248 628
21 625
456 579
627 654
359 590
613 704
247 629
148 653
353 592
258 615
620 605
166 664
633 611
74 609
635 613
1271 1226
448 580
454 576
615 707
343 595
637 612
568 583
243 637
141 749
159 654
632 651
356 585
36 615
258 610
604 584
637 609
580 577
452 573
15 629
171 661
71 604
603 582
626 601
638 607
640 615
144 646
340 590
582 575
163 652
261 607
37 609
619 713
11 631
450 569
564 577
443 573
42 612
352 579
68 600
585 573
234 625
600 577
631 598
167 650
1418 1088
67 599
73 596
450 565
178 657
640 645
644 621
140 640
267 604
561 572
230 627
335 583
5 635
349 574
76 593
63 601
651 659
646 624
1470 1100
591 569
644 642
49 608
138 636
183 654
451 559
593 568
641 593
1 637
59 603
558 567
225 630
332 578
274 600
345 568
82 589
649 639
135 631
650 630
455 555
139 628
221 632
1273 1113
28 587
190 650
85 587
141 626
343 564
554 561
133 627
327 572
280 597
1385 1070
1237 1206
215 636
462 550
323 574
146 623
551 556
91 583
197 646
129 621
321 569
1384 1063
465 548
134 617
211 638
287 593
319 576
1259 1111
2 583
151 620
548 551
127 617
1273 1094
202 643
232 581
96 578
97 579
469 545
315 578
131 612
1383 1056
330 553
1226 1197
293 590
100 577
156 617
1258 1101
124 612
674 710
544 545
102 576
229 575
1271 1087
310 581
1222 1194
475 541
1382 1050
1240 1118
327 548
127 605
678 711
161 614
105 579
121 607
300 586
306 583
541 540
632 543
1269 1082
226 570
479 538
1235 1121
324 543
683 712
634 541
110 573
163 608
119 603
1381 1043
1216 1189
166 611
108 584
538 535
123 598
223 565
1267 1076
1469 1058
637 539
113 571
656 553
688 713
321 538
1398 1037
1212 1186
210 571
568 520
486 533
171 608
655 550
1380 1036
115 596
120 593
1265 1071
642 536
1227 1127
112 591
1468 1052
171 603
693 714
307 541
119 568
1208 1183
664 551
318 533
88 543
219 558
653 546
532 526
1379 1030
646 534
492 529
697 715
90 541
1223 1130
1467 1047
304 536
651 542
1263 1064
648 536
315 528
530 522
702 716
173 594
215 551
1466 1042
95 538
1218 1133
497 525
128 563
1200 1177
1378 1023
1261 1059
174 591
312 523
300 530
707 717
1465 1037
501 522
100 535
310 520
1259 1054
134 560
211 544
198 553
1478 1034
1377 1016
524 513
297 525
712 718
1464 1032
505 519
105 532
211 540
1209 1140
168 583
307 515
195 549
521 509
140 557
1376 1010
294 520
1463 1027
520 508
212 536
1256 1045
510 515
1194 1162
110 529
1204 1143
304 510
723 579
192 544
729 649
1462 1022
516 511
1374 1004
146 554
163 576
213 531
142 547
392 515
726 577
1254 1039
1200 1147
115 526
1196 1095
1373 1001
301 505
141 544
214 527
729 575
1461 1017
288 511
150 558
187 537
1252 1034
398 511
732 573
120 523
298 500
138 539
1371 995
215 522
1460 1012
157 568
151 542
153 562
285 506
511 494
401 509
735 571
184 532
1185 1142
216 518
136 535
121 515
216 517
1369 990
1383 988
158 545
1250 1027
1459 1007
295 495
126 520
509 490
156 539
282 501
120 512
740 568
1368 987
219 515
180 528
591 467
293 492
407 505
129 523
1458 1002
1248 1022
1367 984
163 541
161 536
189 516
505 484
176 531
224 512
411 502
116 506
277 495
290 487
746 564
177 521
1457 996
1365 978
503 480
1246 1015
168 537
166 533
749 562
186 511
114 502
229 509
175 517
287 482
417 498
1456 991
752 560
1363 973
1244 1010
183 506
420 496
499 474
220 497
510 467
234 506
1241 1008
1362 970
284 477
171 511
1455 985
757 557
1361 967
497 470
1242 1004
553 448
218 493
108 493
282 474
180 501
507 462
760 555
533 451
169 507
426 492
1454 980
284 472
241 502
106 489
257 493
1240 999
763 553
1359 961
177 496
242 499
287 470
493 464
214 487
430 489
504 457
112 483
1211 1011
220 484
766 551
165 501
1453 974
253 495
246 499
175 493
1238 994
502 454
1357 956
491 460
212 483
102 483
527 443
769 549
275 464
264 470
109 478
163 497
293 466
1452 969
745 510
1356 953
436 485
500 451
172 488
1236 989
524 439
502 449
209 478
296 464
1355 950
99 478
439 483
774 546
272 459
487 454
261 465
170 485
522 437
1451 963
159 491
505 447
485 452
1234 984
270 456
1185 1015
579 423
206 473
96 473
1353 944
518 439
542 425
302 460
258 460
157 487
167 480
1182 1015
1450 958
780 542
445 479
268 453
102 467
584 419
1232 979
510 444
162 481
480 455
544 423
576 418
203 468
93 468
1351 939
449 476
547 421
164 475
785 539
265 448
1449 952
99 462
308 456
254 454
1230 974
153 481
1350 936
201 464
1175 1020
573 413
452 474
263 445
90 463
97 459
1349 933
473 460
1172 1020
1448 947
151 477
552 418
161 470
1228 969
251 449
791 535
261 442
206 456
1171 1023
570 409
95 456
314 452
569 408
159 467
197 458
1347 928
458 470
468 463
783 514
86 457
204 453
1447 941
557 415
1226 964
1173 1027
248 444
147 471
258 437
483 426
513 413
92 451
461 468
565 410
195 454
797 531
1345 924
156 462
320 448
84 453
595 399
1446 936
1168 996
1175 1031
256 434
201 448
1224 959
90 448
145 467
317 439
323 446
480 421
1166 994
244 438
598 396
802 528
254 431
199 445
153 457
1177 1035
316 436
191 447
1222 954
1445 930
80 447
1340 917
87 443
242 434
141 461
477 416
1202 959
329 442
196 440
251 426
1179 1040
1160 990
150 452
604 392
808 524
1338 913
1444 925
77 442
475 413
84 438
312 430
139 457
1219 948
187 441
1157 988
148 449
607 390
1209 950
1181 1044
477 411
193 435
335 438
550 386
310 426
247 420
1443 919
185 437
814 520
74 437
1159 1047
236 425
1183 1048
1216 942
1333 906
80 432
1152 985
135 451
145 444
338 436
482 408
190 430
613 386
1442 914
547 381
244 415
182 432
819 517
71 432
306 420
133 447
233 420
1214 937
188 427
1330 901
77 427
142 439
590 372
487 405
1146 981
344 432
1180 1059
544 376
1441 908
340 425
304 416
75 424
179 427
140 436
68 427
240 409
230 415
620 381
185 422
825 513
1327 896
129 441
1211 931
492 402
541 373
344 423
1440 903
350 428
72 419
176 422
137 431
237 404
182 417
64 421
0 395
537 375
126 436
226 409
626 377
1208 925
831 509
353 426
497 399
174 418
298 407
235 401
1439 897
1322 889
2 393
134 426
629 375
1141 965
62 417
224 405
68 413
233 398
444 396
123 431
178 411
296 403
836 506
1320 885
358 423
502 396
531 379
1438 892
1205 919
355 416
170 412
236 396
131 421
65 408
9 389
635 371
58 411
527 381
120 426
175 406
305 393
1437 887
507 393
129 418
168 408
440 389
292 397
842 502
364 419
599 347
839 495
241 394
811 455
218 396
1201 912
1315 878
303 390
1186 918
62 403
362 412
55 406
15 386
117 421
367 417
172 401
1435 882
290 393
512 390
521 385
126 413
642 366
60 400
1313 874
848 498
215 391
300 385
170 398
164 401
436 382
367 409
52 401
20 383
114 416
1433 877
1197 905
816 448
299 383
123 408
373 413
286 387
852 496
57 395
815 446
648 362
371 407
233 377
1352 854
212 386
167 393
433 377
1431 873
121 405
1443 870
376 411
631 343
1308 867
49 396
160 395
111 411
55 392
1477 867
1350 851
651 360
431 375
856 499
295 377
236 374
27 379
283 382
1193 898
812 441
1429 868
164 388
158 391
377 403
118 400
208 380
1305 862
46 391
484 354
108 406
1170 905
427 377
382 407
292 372
162 385
280 377
657 356
33 376
1190 892
862 504
381 401
206 376
1427 863
50 384
243 369
115 395
35 375
1302 857
105 401
154 384
806 433
42 385
865 506
289 367
159 380
388 403
277 372
1425 859
246 367
420 382
868 487
1187 887
576 316
38 378
47 379
598 316
387 397
112 390
664 351
102 396
391 401
803 428
286 362
211 362
250 364
1423 854
156 375
150 378
274 367
1297 850
42 369
415 385
110 387
200 367
449 343
413 382
1184 882
660 339
284 359
154 372
99 391
658 334
1421 850
148 374
1295 846
670 347
394 393
397 397
271 362
107 382
197 362
408 385
48 366
207 355
257 359
673 345
281 354
797 420
1180 875
151 367
408 390
96 386
398 391
1419 845
145 369
413 351
268 357
104 377
194 357
149 364
204 350
1290 839
54 363
278 349
794 415
1417 840
93 381
263 355
411 348
679 341
881 522
102 374
142 364
1331 819
1176 868
1288 835
276 346
146 359
201 345
1415 836
190 351
1174 865
264 348
60 360
90 376
408 343
99 369
139 359
1328 814
685 337
882 529
273 341
263 345
143 354
788 407
1413 831
1171 861
187 346
1283 828
137 355
689 336
87 371
405 338
197 338
66 357
96 364
881 534
1169 858
270 336
1324 807
1411 826
140 349
785 402
610 282
1280 823
258 338
84 366
194 333
880 539
93 359
133 349
1166 854
138 346
72 354
401 332
1409 822
515 288
267 331
699 335
91 356
75 353
1320 800
1277 818
131 345
255 333
879 544
179 336
513 285
81 361
191 328
135 341
398 327
1407 817
900 452
779 394
703 334
264 326
511 282
1161 847
88 351
878 549
133 338
252 328
903 450
1317 794
1405 813
509 279
127 338
776 389
86 348
1272 811
187 321
261 321
877 554
507 276
130 333
172 327
908 447
1314 789
1403 808
1156 840
89 345
392 318
1270 807
906 441
898 554
505 273
247 321
184 316
258 316
123 332
900 428
876 559
911 450
127 328
878 561
1401 803
927 520
1311 784
770 381
256 313
801 368
389 313
121 328
1100 865
502 268
244 316
902 559
181 311
125 325
875 564
721 332
1151 833
877 565
96 340
1265 800
1399 799
913 436
804 365
906 424
915 456
500 265
935 514
904 562
253 308
118 325
767 376
123 322
164 317
99 338
632 254
1307 777
874 569
385 307
241 311
125 320
727 331
1397 794
498 262
1262 795
726 325
251 305
918 433
1095 859
177 304
918 461
1146 826
810 361
912 420
113 328
103 335
907 568
496 259
873 574
941 510
1395 790
382 302
159 311
1092 855
130 317
929 450
248 300
1259 790
1303 770
813 359
915 418
761 368
734 330
174 299
236 304
921 466
945 508
872 579
925 428
493 254
1427 776
156 307
910 574
946 506
1141 819
923 469
135 314
245 295
378 296
738 334
758 363
491 251
171 294
233 299
873 584
921 414
1299 763
1405 776
153 304
820 354
930 425
243 292
1086 847
912 579
943 501
489 248
1253 781
924 412
926 474
375 291
149 306
168 289
1136 812
230 294
142 310
742 340
487 245
1430 765
726 287
240 287
170 287
1295 756
826 350
1250 776
752 355
744 343
939 495
937 420
485 242
1399 768
930 408
930 480
914 588
162 285
829 348
1298 753
237 282
175 284
225 287
1130 805
369 282
747 347
162 281
936 490
942 417
482 237
933 485
235 279
1077 835
936 404
180 281
1244 767
222 282
836 343
366 277
1393 760
159 276
1305 748
1075 831
939 402
971 533
478 231
816 325
183 279
1124 798
235 272
927 382
949 412
1308 746
1390 756
1241 762
219 277
922 601
156 271
377 262
842 339
362 271
238 269
1079 820
945 398
188 276
924 604
966 562
474 225
954 409
1387 752
845 337
657 211
1118 791
153 266
966 476
1069 821
926 607
1315 741
359 266
1385 749
214 270
244 265
98 265
766 294
471 220
194 273
951 394
1235 753
1067 817
654 206
1423 734
851 333
247 263
961 404
929 612
211 266
954 392
149 260
991 502
355 260
210 265
398 235
854 333
1322 736
1232 748
200 270
931 615
1111 783
1380 742
467 214
987 549
856 335
966 401
206 267
765 274
1325 734
146 255
253 259
933 618
352 255
960 388
858 338
464 209
1061 807
648 197
144 252
1228 742
935 621
207 256
947 364
1059 806
1105 776
1374 734
259 255
1396 724
973 396
1057 807
937 624
966 384
1332 729
645 192
1432 716
141 247
1225 737
204 251
460 203
347 247
262 253
969 382
854 308
978 393
940 629
954 358
1099 769
809 285
1264 711
138 242
1369 727
201 246
973 380
267 250
981 391
1339 724
942 632
456 197
951 355
342 240
980 389
1000 428
639 183
1017 500
1219 728
1342 722
944 635
1261 706
135 237
453 192
197 240
947 352
340 236
953 633
990 392
273 246
1093 762
1046 792
133 234
1363 719
1060 780
636 178
1216 723
1258 701
276 244
948 641
884 321
687 178
943 349
194 235
1349 717
701 183
1041 789
996 389
886 323
1040 824
335 229
1255 696
632 172
939 346
1305 686
767 225
1358 713
1038 787
1399 696
1234 703
282 240
191 230
1357 712
1000 387
1466 687
1019 441
333 225
212 217
1210 714
54 191
889 329
1303 682
1036 829
1252 691
935 343
285 238
629 167
1317 683
1036 502
689 167
701 172
1003 390
214 215
897 318
187 224
1031 782
1207 709
931 340
217 213
1026 576
792 237
1249 686
899 315
733 184
892 335
328 218
1006 395
291 234
1299 675
1036 837
927 340
281 220
1027 779
1037 838
184 219
1008 398
1029 433
737 181
894 340
623 158
1246 681
325 214
805 243
216 204
223 209
1039 835
296 231
1303 668
324 213
923 342
283 215
1028 430
1023 776
1004 360
1036 455
181 214
1201 700
1295 668
226 207
1018 394
1011 403
299 229
1243 676
620 153
1044 834
967 662
320 215
919 344
897 346
743 177
1042 572
1232 679
1019 773
302 227
637 141
3 162
1198 695
1024 424
1040 851
177 208
1240 671
232 203
1015 409
1291 661
1046 456
281 201
616 147
900 352
749 173
971 669
281 199
313 220
1021 419
308 223
174 203
1194 689
1237 666
752 171
1018 414
393 160
613 142
238 199
279 195
657 128
1287 654
1207 677
724 148
54 156
975 676
642 127
241 197
171 198
1191 684
1234 661
277 191
423 146
758 167
995 667
276 188
425 144
1444 647
1283 647
1064 575
1231 656
607 133
247 193
979 683
167 192
428 142
274 184
612 128
764 163
1045 372
1036 727
1185 675
1228 651
1447 639
604 128
767 161
168 185
272 180
164 187
433 139
1279 640
982 689
253 189
1052 377
270 178
1182 670
436 137
411 132
1225 646
256 187
818 196
1292 630
161 182
600 122
773 157
981 695
821 194
265 181
1275 633
72 136
441 134
334 155
1222 641
997 739
158 177
1408 630
74 134
597 117
313 164
980 701
1220 638
826 191
779 153
1176 661
1098 503
1096 545
446 131
1351 629
1222 636
840 202
1271 626
1099 493
1406 625
829 189
991 736
782 151
976 704
1415 623
79 131
329 148
310 159
154 171
1102 530
1072 397
1225 634
1173 656
746 120
1405 622
1031 702
451 128
972 706
591 108
84 128
985 733
326 143
307 154
151 166
1028 700
1267 619
788 147
1029 699
454 126
879 206
1403 617
1107 545
732 106
837 184
1231 630
1169 650
1071 353
588 103
980 731
997 266
89 125
304 149
164 152
964 706
148 161
1272 610
459 123
1234 628
1401 612
322 137
1058 663
1263 613
794 143
1080 632
842 181
1166 645
781 125
1261 611
251 143
975 729
797 141
94 122
1115 474
845 179
301 144
717 89
1343 604
584 97
773 117
464 120
1399 607
1239 625
319 132
144 155
254 141
1385 607
1257 613
467 118
1242 623
99 119
850 176
1397 602
581 92
803 137
967 729
141 150
205 125
1382 602
1160 636
34 93
295 134
472 115
314 125
1254 602
104 116
1395 597
855 173
1248 619
297 132
312 123
138 145
1379 597
1157 631
809 133
300 130
1091 340
471 104
477 112
1364 595
1393 592
575 83
109 113
308 125
1067 299
81 92
1409 587
1094 338
480 110
134 139
89 92
815 129
1108 374
1391 587
572 78
1097 336
866 165
115 110
907 182
1151 622
485 107
131 134
1100 334
259 116
380 79
876 164
1389 582
183 108
118 113
821 125
867 159
1114 370
568 72
1103 332
1148 617
490 104
824 123
128 129
1230 584
656 43
1387 577
1118 368
121 118
493 102
1107 329
565 67
123 121
63 68
829 120
1143 611
1385 572
1110 327
856 153
1123 365
498 99
1132 384
1113 325
560 61
1311 554
1383 567
853 149
1127 363
501 97
1135 382
834 125
1116 323
1443 556
627 32
1091 282
504 95
839 120
556 63
1160 576
1381 562
1119 321
1140 379
738 43
838 130
287 90
1134 359
509 92
483 64
1410 551
1143 377
1123 318
1379 557
1164 444
550 67
739 38
668 20
845 139
1440 545
842 135
1140 355
514 89
740 34
1377 552
1018 203
1148 374
545 70
1129 314
1177 461
1151 372
1144 353
788 52
508 73
741 29
295 73
725 23
1132 312
519 86
1375 547
540 73
787 49
872 120
522 84
1188 533
327 53
1156 369
1149 350
742 24
1373 542
1137 309
535 76
1284 526
743 20
1153 348
783 43
527 81
529 63
1161 366
1043 198
1371 537
1141 313
1058 205
744 15
497 42
6 20
1194 460
298 54
780 38
1216 535
1369 532
1160 344
1199 470
343 32
567 12
535 30
199 49
745 10
1145 319
1161 342
777 33
1367 527
355 24
951 135
1161 339
848 65
746 6
1201 456
1148 323
879 100
38 10
774 28
1365 522
1156 335
750 2
137 35
28 7
61 9
1179 355
1407 509
1152 329
1208 452
201 35
1363 517
491 17
770 22
1182 358
785 14
1361 512
768 18
1292 494
1215 448
1229 509
1243 502
1172 302
243 28
1186 364
1359 508
498 8
1444 493
123 9
1188 367
1110 205
1175 296
1357 504
1222 444
145 16
762 9
133 9
1305 482
1225 442
1355 500
1191 372
506 2
1372 492
760 5
1353 496
1228 437
1195 378
1230 434
1248 480
1351 492
262 12
1197 381
1094 168
1229 431
1066 148
1200 386
1347 485
893 44
1260 467
1394 470
1269 464
1202 389
1224 424
1345 481
1255 461
1204 392
1222 420
1180 244
1343 477
1291 455
930 60
1207 397
1340 472
1186 240
1217 413
891 20
1338 468
1189 238
1211 403
1080 128
1096 136
1214 408
898 18
1336 464
904 22
1195 234
1192 228
1334 460
1430 439
1410 440
1199 231
1331 455
1454 431
1329 451
1205 227
1108 122
1208 225
1327 447
927 19
1325 443
1214 221
1322 438
1051 79
1159 144
936 9
1320 434
1221 216
1123 108
1318 430
1227 212
1316 426
1230 210
1314 422
1336 412
1358 404
1236 206
1024 35
1033 41
1310 415
1370 396
1132 90
1221 176
1241 203
1308 411
1244 206
1107 68
1306 407
1041 31
1247 212
1303 402
1301 398
1250 218
1299 394
1190 106
1119 54
1253 224
1297 390
1234 147
1112 45
1331 374
1256 230
1267 185
1192 93
1293 383
1208 103
1291 379
1259 236
1289 375
1452 344
1262 242
1287 371
1265 247
1312 355
1148 36
1283 364
1118 16
1268 253
1281 360
1220 82
1320 341
1279 356
1271 259
1342 329
1273 264
1275 267
1414 311
1291 138
1375 313
1278 273
1195 30
1281 279
1195 25
1283 284
1370 300
1321 148
1235 45
1282 293
1353 293
1422 284
1211 16
1344 290
1326 270
1306 98
1428 260
1372 258
1325 89
1374 242
1284 19
1454 225
1458 217
1475 215
1446 213
1453 209
1347 44
1426 190
1445 142
1465 108
1453 81
1468 73
1448 16
